[ColorEffects:Disabled]
Color=56,56,56
ColorAmount=0
ColorEffect=0
ContrastAmount=0.65000000000000002
ContrastEffect=1
IntensityAmount=0.10000000000000001
IntensityEffect=2

[ColorEffects:Inactive]
ChangeSelectionColor=true
Color=112,111,110
ColorAmount=0.025000000000000001
ColorEffect=2
ContrastAmount=0.10000000000000001
ContrastEffect=2
Enable=false
IntensityAmount=0
IntensityEffect=0


[Colors:Button]
BackgroundAlternate=36,38,38
BackgroundNormal=36,38,38
DecorationFocus=153,165,105
DecorationHover=153,165,105
ForegroundActive=153,165,105
ForegroundInactive=140,149,148
ForegroundLink=106,143,163
ForegroundNegative=80,52,52
ForegroundNeutral=140,149,148
ForegroundNormal=153,163,162
ForegroundPositive=107,164,143
ForegroundVisited=105,113,163

[Colors:Selection]
BackgroundAlternate=153,165,105
BackgroundNormal=153,165,105
DecorationFocus=153,165,105
DecorationHover=153,165,105
ForegroundActive=153,165,105
ForegroundInactive=0,0,0
ForegroundLink=106,143,163
ForegroundNegative=80,52,52
ForegroundNeutral=140,149,148
ForegroundNormal=0,0,0
ForegroundPositive=107,164,143
ForegroundVisited=105,113,163

[Colors:Tooltip]
BackgroundAlternate=36,38,38
BackgroundNormal=36,38,38
DecorationFocus=153,165,105
DecorationHover=153,165,105
ForegroundActive=153,165,105
ForegroundInactive=140,149,148
ForegroundLink=106,143,163
ForegroundNegative=80,52,52
ForegroundNeutral=140,149,148
ForegroundNormal=153,163,162
ForegroundPositive=107,164,143
ForegroundVisited=105,113,163

[Colors:View]
BackgroundAlternate=34,36,35
BackgroundNormal=68,72,71
DecorationFocus=153,165,105
DecorationHover=153,165,105
ForegroundActive=153,165,105
ForegroundInactive=140,149,148
ForegroundLink=106,143,163
ForegroundNegative=80,52,52
ForegroundNeutral=140,149,148
ForegroundNormal=153,163,162
ForegroundPositive=107,164,143
ForegroundVisited=105,113,163

[Colors:Window]
BackgroundAlternate=34,36,35
BackgroundNormal=68,72,71
DecorationFocus=153,165,105
DecorationHover=153,165,105
ForegroundActive=153,165,105
ForegroundInactive=140,149,148
ForegroundLink=106,143,163
ForegroundNegative=80,52,52
ForegroundNeutral=140,149,148
ForegroundNormal=153,163,162
ForegroundPositive=107,164,143
ForegroundVisited=105,113,163

[General]
ColorScheme=SoftServer Green
Name=SoftServer Green
shadeSortColumn=true

[KDE]
contrast=4

[WM]
activeBackground=68,72,71
activeBlend=68,72,71
activeForeground=153,163,162
inactiveBackground=34,36,35
inactiveBlend=34,36,35
inactiveForeground=140,149,148
