[ColorEffects:Disabled]
Color=56,56,56
ColorAmount=0
ColorEffect=0
ContrastAmount=0.65000000000000002
ContrastEffect=1
IntensityAmount=0.10000000000000001
IntensityEffect=2

[ColorEffects:Inactive]
ChangeSelectionColor=true
Color=112,111,110
ColorAmount=0.025000000000000001
ColorEffect=2
ContrastAmount=0.10000000000000001
ContrastEffect=2
Enable=false
IntensityAmount=0
IntensityEffect=0


[Colors:Button]
BackgroundAlternate=27,29,30
BackgroundNormal=27,29,30
DecorationFocus=19,206,47
DecorationHover=19,206,47
ForegroundActive=19,206,47
ForegroundInactive=182,182,177
ForegroundLink=36,36,244
ForegroundNegative=18,78,13
ForegroundNeutral=182,182,177
ForegroundNormal=216,216,208
ForegroundPositive=55,140,169
ForegroundVisited=100,30,115

[Colors:Selection]
BackgroundAlternate=19,206,47
BackgroundNormal=19,206,47
DecorationFocus=19,206,47
DecorationHover=19,206,47
ForegroundActive=19,206,47
ForegroundInactive=27,29,30
ForegroundLink=36,36,244
ForegroundNegative=18,78,13
ForegroundNeutral=182,182,177
ForegroundNormal=27,29,30
ForegroundPositive=55,140,169
ForegroundVisited=100,30,115

[Colors:Tooltip]
BackgroundAlternate=27,29,30
BackgroundNormal=27,29,30
DecorationFocus=19,206,47
DecorationHover=19,206,47
ForegroundActive=19,206,47
ForegroundInactive=182,182,177
ForegroundLink=36,36,244
ForegroundNegative=18,78,13
ForegroundNeutral=182,182,177
ForegroundNormal=216,216,208
ForegroundPositive=55,140,169
ForegroundVisited=100,30,115

[Colors:View]
BackgroundAlternate=26,27,28
BackgroundNormal=53,55,56
DecorationFocus=19,206,47
DecorationHover=19,206,47
ForegroundActive=19,206,47
ForegroundInactive=182,182,177
ForegroundLink=36,36,244
ForegroundNegative=18,78,13
ForegroundNeutral=182,182,177
ForegroundNormal=216,216,208
ForegroundPositive=55,140,169
ForegroundVisited=100,30,115

[Colors:Window]
BackgroundAlternate=26,27,28
BackgroundNormal=53,55,56
DecorationFocus=19,206,47
DecorationHover=19,206,47
ForegroundActive=19,206,47
ForegroundInactive=182,182,177
ForegroundLink=36,36,244
ForegroundNegative=18,78,13
ForegroundNeutral=182,182,177
ForegroundNormal=216,216,208
ForegroundPositive=55,140,169
ForegroundVisited=100,30,115

[General]
ColorScheme=The Hulk Green
Name=The Hulk Green
shadeSortColumn=true

[KDE]
contrast=4

[WM]
activeBackground=53,55,56
activeBlend=53,55,56
activeForeground=216,216,208
inactiveBackground=26,27,28
inactiveBlend=26,27,28
inactiveForeground=182,182,177
