[ColorEffects:Disabled]
Color=56,56,56
ColorAmount=0
ColorEffect=0
ContrastAmount=0.65000000000000002
ContrastEffect=1
IntensityAmount=0.10000000000000001
IntensityEffect=2

[ColorEffects:Inactive]
ChangeSelectionColor=true
Color=112,111,110
ColorAmount=0.025000000000000001
ColorEffect=2
ContrastAmount=0.10000000000000001
ContrastEffect=2
Enable=false
IntensityAmount=0
IntensityEffect=0


[Colors:Button]
BackgroundAlternate=255,255,255
BackgroundNormal=255,255,255
DecorationFocus=50,137,92
DecorationHover=50,137,92
ForegroundActive=50,137,92
ForegroundInactive=154,155,154
ForegroundLink=18,92,207
ForegroundNegative=123,19,20
ForegroundNeutral=154,155,154
ForegroundNormal=178,178,178
ForegroundPositive=50,194,192
ForegroundVisited=159,0,188

[Colors:Selection]
BackgroundAlternate=50,137,92
BackgroundNormal=50,137,92
DecorationFocus=50,137,92
DecorationHover=50,137,92
ForegroundActive=50,137,92
ForegroundInactive=0,0,0
ForegroundLink=18,92,207
ForegroundNegative=123,19,20
ForegroundNeutral=154,155,154
ForegroundNormal=0,0,0
ForegroundPositive=50,194,192
ForegroundVisited=159,0,188

[Colors:Tooltip]
BackgroundAlternate=255,255,255
BackgroundNormal=255,255,255
DecorationFocus=50,137,92
DecorationHover=50,137,92
ForegroundActive=50,137,92
ForegroundInactive=154,155,154
ForegroundLink=18,92,207
ForegroundNegative=123,19,20
ForegroundNeutral=154,155,154
ForegroundNormal=178,178,178
ForegroundPositive=50,194,192
ForegroundVisited=159,0,188

[Colors:View]
BackgroundAlternate=28,29,27
BackgroundNormal=56,58,55
DecorationFocus=50,137,92
DecorationHover=50,137,92
ForegroundActive=50,137,92
ForegroundInactive=154,155,154
ForegroundLink=18,92,207
ForegroundNegative=123,19,20
ForegroundNeutral=154,155,154
ForegroundNormal=178,178,178
ForegroundPositive=50,194,192
ForegroundVisited=159,0,188

[Colors:Window]
BackgroundAlternate=28,29,27
BackgroundNormal=56,58,55
DecorationFocus=50,137,92
DecorationHover=50,137,92
ForegroundActive=50,137,92
ForegroundInactive=154,155,154
ForegroundLink=18,92,207
ForegroundNegative=123,19,20
ForegroundNeutral=154,155,154
ForegroundNormal=178,178,178
ForegroundPositive=50,194,192
ForegroundVisited=159,0,188

[General]
ColorScheme=CLRS Green
Name=CLRS Green
shadeSortColumn=true

[KDE]
contrast=4

[WM]
activeBackground=56,58,55
activeBlend=56,58,55
activeForeground=178,178,178
inactiveBackground=28,29,27
inactiveBlend=28,29,27
inactiveForeground=154,155,154
