[ColorEffects:Disabled]
Color=56,56,56
ColorAmount=0
ColorEffect=0
ContrastAmount=0.65000000000000002
ContrastEffect=1
IntensityAmount=0.10000000000000001
IntensityEffect=2

[ColorEffects:Inactive]
ChangeSelectionColor=true
Color=112,111,110
ColorAmount=0.025000000000000001
ColorEffect=2
ContrastAmount=0.10000000000000001
ContrastEffect=2
Enable=false
IntensityAmount=0
IntensityEffect=0


[Colors:Button]
BackgroundAlternate=0,0,0
BackgroundNormal=0,0,0
DecorationFocus=121,255,15
DecorationHover=121,255,15
ForegroundActive=121,255,15
ForegroundInactive=165,165,165
ForegroundLink=56,107,215
ForegroundNegative=127,0,0
ForegroundNeutral=165,165,165
ForegroundNormal=187,187,187
ForegroundPositive=102,204,255
ForegroundVisited=179,73,190

[Colors:Selection]
BackgroundAlternate=121,255,15
BackgroundNormal=121,255,15
DecorationFocus=121,255,15
DecorationHover=121,255,15
ForegroundActive=121,255,15
ForegroundInactive=42,42,42
ForegroundLink=56,107,215
ForegroundNegative=127,0,0
ForegroundNeutral=165,165,165
ForegroundNormal=42,42,42
ForegroundPositive=102,204,255
ForegroundVisited=179,73,190

[Colors:Tooltip]
BackgroundAlternate=0,0,0
BackgroundNormal=0,0,0
DecorationFocus=121,255,15
DecorationHover=121,255,15
ForegroundActive=121,255,15
ForegroundInactive=165,165,165
ForegroundLink=56,107,215
ForegroundNegative=127,0,0
ForegroundNeutral=165,165,165
ForegroundNormal=187,187,187
ForegroundPositive=102,204,255
ForegroundVisited=179,73,190

[Colors:View]
BackgroundAlternate=34,34,34
BackgroundNormal=68,68,68
DecorationFocus=121,255,15
DecorationHover=121,255,15
ForegroundActive=121,255,15
ForegroundInactive=165,165,165
ForegroundLink=56,107,215
ForegroundNegative=127,0,0
ForegroundNeutral=165,165,165
ForegroundNormal=187,187,187
ForegroundPositive=102,204,255
ForegroundVisited=179,73,190

[Colors:Window]
BackgroundAlternate=34,34,34
BackgroundNormal=68,68,68
DecorationFocus=121,255,15
DecorationHover=121,255,15
ForegroundActive=121,255,15
ForegroundInactive=165,165,165
ForegroundLink=56,107,215
ForegroundNegative=127,0,0
ForegroundNeutral=165,165,165
ForegroundNormal=187,187,187
ForegroundPositive=102,204,255
ForegroundVisited=179,73,190

[General]
ColorScheme=PaulMillr Green
Name=PaulMillr Green
shadeSortColumn=true

[KDE]
contrast=4

[WM]
activeBackground=68,68,68
activeBlend=68,68,68
activeForeground=187,187,187
inactiveBackground=34,34,34
inactiveBlend=34,34,34
inactiveForeground=165,165,165
