[ColorEffects:Disabled]
Color=56,56,56
ColorAmount=0
ColorEffect=0
ContrastAmount=0.65000000000000002
ContrastEffect=1
IntensityAmount=0.10000000000000001
IntensityEffect=2

[ColorEffects:Inactive]
ChangeSelectionColor=true
Color=112,111,110
ColorAmount=0.025000000000000001
ColorEffect=2
ContrastAmount=0.10000000000000001
ContrastEffect=2
Enable=false
IntensityAmount=0
IntensityEffect=0


[Colors:Button]
BackgroundAlternate=0,0,0
BackgroundNormal=0,0,0
DecorationFocus=165,223,85
DecorationHover=165,223,85
ForegroundActive=165,223,85
ForegroundInactive=161,161,161
ForegroundLink=72,99,135
ForegroundNegative=127,13,0
ForegroundNeutral=161,161,161
ForegroundNormal=203,203,203
ForegroundPositive=133,233,254
ForegroundVisited=252,94,240

[Colors:Selection]
BackgroundAlternate=165,223,85
BackgroundNormal=165,223,85
DecorationFocus=165,223,85
DecorationHover=165,223,85
ForegroundActive=165,223,85
ForegroundInactive=87,87,87
ForegroundLink=72,99,135
ForegroundNegative=127,13,0
ForegroundNeutral=161,161,161
ForegroundNormal=87,87,87
ForegroundPositive=133,233,254
ForegroundVisited=252,94,240

[Colors:Tooltip]
BackgroundAlternate=0,0,0
BackgroundNormal=0,0,0
DecorationFocus=165,223,85
DecorationHover=165,223,85
ForegroundActive=165,223,85
ForegroundInactive=161,161,161
ForegroundLink=72,99,135
ForegroundNegative=127,13,0
ForegroundNeutral=161,161,161
ForegroundNormal=203,203,203
ForegroundPositive=133,233,254
ForegroundVisited=252,94,240

[Colors:View]
BackgroundAlternate=12,12,12
BackgroundNormal=24,24,24
DecorationFocus=165,223,85
DecorationHover=165,223,85
ForegroundActive=165,223,85
ForegroundInactive=161,161,161
ForegroundLink=72,99,135
ForegroundNegative=127,13,0
ForegroundNeutral=161,161,161
ForegroundNormal=203,203,203
ForegroundPositive=133,233,254
ForegroundVisited=252,94,240

[Colors:Window]
BackgroundAlternate=12,12,12
BackgroundNormal=24,24,24
DecorationFocus=165,223,85
DecorationHover=165,223,85
ForegroundActive=165,223,85
ForegroundInactive=161,161,161
ForegroundLink=72,99,135
ForegroundNegative=127,13,0
ForegroundNeutral=161,161,161
ForegroundNormal=203,203,203
ForegroundPositive=133,233,254
ForegroundVisited=252,94,240

[General]
ColorScheme=Hurtado Green
Name=Hurtado Green
shadeSortColumn=true

[KDE]
contrast=4

[WM]
activeBackground=24,24,24
activeBlend=24,24,24
activeForeground=203,203,203
inactiveBackground=12,12,12
inactiveBlend=12,12,12
inactiveForeground=161,161,161
