[ColorEffects:Disabled]
Color=56,56,56
ColorAmount=0
ColorEffect=0
ContrastAmount=0.65000000000000002
ContrastEffect=1
IntensityAmount=0.10000000000000001
IntensityEffect=2

[ColorEffects:Inactive]
ChangeSelectionColor=true
Color=112,111,110
ColorAmount=0.025000000000000001
ColorEffect=2
ContrastAmount=0.10000000000000001
ContrastEffect=2
Enable=false
IntensityAmount=0
IntensityEffect=0


[Colors:Button]
BackgroundAlternate=36,52,52
BackgroundNormal=36,52,52
DecorationFocus=113,140,97
DecorationHover=113,140,97
ForegroundActive=113,140,97
ForegroundInactive=202,202,202
ForegroundLink=77,123,130
ForegroundNegative=65,46,38
ForegroundNeutral=202,202,202
ForegroundNormal=224,224,224
ForegroundPositive=113,147,147
ForegroundVisited=138,113,103

[Colors:Selection]
BackgroundAlternate=113,140,97
BackgroundNormal=113,140,97
DecorationFocus=113,140,97
DecorationHover=113,140,97
ForegroundActive=113,140,97
ForegroundInactive=117,117,117
ForegroundLink=77,123,130
ForegroundNegative=65,46,38
ForegroundNeutral=202,202,202
ForegroundNormal=117,117,117
ForegroundPositive=113,147,147
ForegroundVisited=138,113,103

[Colors:Tooltip]
BackgroundAlternate=36,52,52
BackgroundNormal=36,52,52
DecorationFocus=113,140,97
DecorationHover=113,140,97
ForegroundActive=113,140,97
ForegroundInactive=202,202,202
ForegroundLink=77,123,130
ForegroundNegative=65,46,38
ForegroundNeutral=202,202,202
ForegroundNormal=224,224,224
ForegroundPositive=113,147,147
ForegroundVisited=138,113,103

[Colors:View]
BackgroundAlternate=46,46,46
BackgroundNormal=92,92,92
DecorationFocus=113,140,97
DecorationHover=113,140,97
ForegroundActive=113,140,97
ForegroundInactive=202,202,202
ForegroundLink=77,123,130
ForegroundNegative=65,46,38
ForegroundNeutral=202,202,202
ForegroundNormal=224,224,224
ForegroundPositive=113,147,147
ForegroundVisited=138,113,103

[Colors:Window]
BackgroundAlternate=46,46,46
BackgroundNormal=92,92,92
DecorationFocus=113,140,97
DecorationHover=113,140,97
ForegroundActive=113,140,97
ForegroundInactive=202,202,202
ForegroundLink=77,123,130
ForegroundNegative=65,46,38
ForegroundNeutral=202,202,202
ForegroundNormal=224,224,224
ForegroundPositive=113,147,147
ForegroundVisited=138,113,103

[General]
ColorScheme=Seafoam Pastel Green
Name=Seafoam Pastel Green
shadeSortColumn=true

[KDE]
contrast=4

[WM]
activeBackground=92,92,92
activeBlend=92,92,92
activeForeground=224,224,224
inactiveBackground=46,46,46
inactiveBlend=46,46,46
inactiveForeground=202,202,202
