[ColorEffects:Disabled]
Color=56,56,56
ColorAmount=0
ColorEffect=0
ContrastAmount=0.65000000000000002
ContrastEffect=1
IntensityAmount=0.10000000000000001
IntensityEffect=2

[ColorEffects:Inactive]
ChangeSelectionColor=true
Color=112,111,110
ColorAmount=0.025000000000000001
ColorEffect=2
ContrastAmount=0.10000000000000001
ContrastEffect=2
Enable=false
IntensityAmount=0
IntensityEffect=0


[Colors:Button]
BackgroundAlternate=14,14,14
BackgroundNormal=14,14,14
DecorationFocus=13,188,121
DecorationHover=13,188,121
ForegroundActive=13,188,121
ForegroundInactive=197,197,197
ForegroundLink=36,114,200
ForegroundNegative=102,24,24
ForegroundNeutral=197,197,197
ForegroundNormal=229,229,229
ForegroundPositive=17,168,205
ForegroundVisited=188,63,188

[Colors:Selection]
BackgroundAlternate=13,188,121
BackgroundNormal=13,188,121
DecorationFocus=13,188,121
DecorationHover=13,188,121
ForegroundActive=13,188,121
ForegroundInactive=0,0,0
ForegroundLink=36,114,200
ForegroundNegative=102,24,24
ForegroundNeutral=197,197,197
ForegroundNormal=0,0,0
ForegroundPositive=17,168,205
ForegroundVisited=188,63,188

[Colors:Tooltip]
BackgroundAlternate=14,14,14
BackgroundNormal=14,14,14
DecorationFocus=13,188,121
DecorationHover=13,188,121
ForegroundActive=13,188,121
ForegroundInactive=197,197,197
ForegroundLink=36,114,200
ForegroundNegative=102,24,24
ForegroundNeutral=197,197,197
ForegroundNormal=229,229,229
ForegroundPositive=17,168,205
ForegroundVisited=188,63,188

[Colors:View]
BackgroundAlternate=34,34,34
BackgroundNormal=68,68,68
DecorationFocus=13,188,121
DecorationHover=13,188,121
ForegroundActive=13,188,121
ForegroundInactive=197,197,197
ForegroundLink=36,114,200
ForegroundNegative=102,24,24
ForegroundNeutral=197,197,197
ForegroundNormal=229,229,229
ForegroundPositive=17,168,205
ForegroundVisited=188,63,188

[Colors:Window]
BackgroundAlternate=34,34,34
BackgroundNormal=68,68,68
DecorationFocus=13,188,121
DecorationHover=13,188,121
ForegroundActive=13,188,121
ForegroundInactive=197,197,197
ForegroundLink=36,114,200
ForegroundNegative=102,24,24
ForegroundNeutral=197,197,197
ForegroundNormal=229,229,229
ForegroundPositive=17,168,205
ForegroundVisited=188,63,188

[General]
ColorScheme=Dark+ Green
Name=Dark+ Green
shadeSortColumn=true

[KDE]
contrast=4

[WM]
activeBackground=68,68,68
activeBlend=68,68,68
activeForeground=229,229,229
inactiveBackground=34,34,34
inactiveBlend=34,34,34
inactiveForeground=197,197,197
