[ColorEffects:Disabled]
Color=56,56,56
ColorAmount=0
ColorEffect=0
ContrastAmount=0.65000000000000002
ContrastEffect=1
IntensityAmount=0.10000000000000001
IntensityEffect=2

[ColorEffects:Inactive]
ChangeSelectionColor=true
Color=112,111,110
ColorAmount=0.025000000000000001
ColorEffect=2
ContrastAmount=0.10000000000000001
ContrastEffect=2
Enable=false
IntensityAmount=0
IntensityEffect=0


[Colors:Button]
BackgroundAlternate=27,29,31
BackgroundNormal=27,29,31
DecorationFocus=133,152,28
DecorationHover=133,152,28
ForegroundActive=133,152,28
ForegroundInactive=167,165,159
ForegroundLink=46,139,206
ForegroundNegative=100,38,17
ForegroundNeutral=167,165,159
ForegroundNormal=200,197,188
ForegroundPositive=50,161,152
ForegroundVisited=209,58,130

[Colors:Selection]
BackgroundAlternate=133,152,28
BackgroundNormal=133,152,28
DecorationFocus=133,152,28
DecorationHover=133,152,28
ForegroundActive=133,152,28
ForegroundInactive=86,89,92
ForegroundLink=46,139,206
ForegroundNegative=100,38,17
ForegroundNeutral=167,165,159
ForegroundNormal=86,89,92
ForegroundPositive=50,161,152
ForegroundVisited=209,58,130

[Colors:Tooltip]
BackgroundAlternate=27,29,31
BackgroundNormal=27,29,31
DecorationFocus=133,152,28
DecorationHover=133,152,28
ForegroundActive=133,152,28
ForegroundInactive=167,165,159
ForegroundLink=46,139,206
ForegroundNegative=100,38,17
ForegroundNeutral=167,165,159
ForegroundNormal=200,197,188
ForegroundPositive=50,161,152
ForegroundVisited=209,58,130

[Colors:View]
BackgroundAlternate=23,24,25
BackgroundNormal=46,48,50
DecorationFocus=133,152,28
DecorationHover=133,152,28
ForegroundActive=133,152,28
ForegroundInactive=167,165,159
ForegroundLink=46,139,206
ForegroundNegative=100,38,17
ForegroundNeutral=167,165,159
ForegroundNormal=200,197,188
ForegroundPositive=50,161,152
ForegroundVisited=209,58,130

[Colors:Window]
BackgroundAlternate=23,24,25
BackgroundNormal=46,48,50
DecorationFocus=133,152,28
DecorationHover=133,152,28
ForegroundActive=133,152,28
ForegroundInactive=167,165,159
ForegroundLink=46,139,206
ForegroundNegative=100,38,17
ForegroundNeutral=167,165,159
ForegroundNormal=200,197,188
ForegroundPositive=50,161,152
ForegroundVisited=209,58,130

[General]
ColorScheme=Violet Dark Green
Name=Violet Dark Green
shadeSortColumn=true

[KDE]
contrast=4

[WM]
activeBackground=46,48,50
activeBlend=46,48,50
activeForeground=200,197,188
inactiveBackground=23,24,25
inactiveBlend=23,24,25
inactiveForeground=167,165,159
