[ColorEffects:Disabled]
Color=56,56,56
ColorAmount=0
ColorEffect=0
ContrastAmount=0.65000000000000002
ContrastEffect=1
IntensityAmount=0.10000000000000001
IntensityEffect=2

[ColorEffects:Inactive]
ChangeSelectionColor=true
Color=112,111,110
ColorAmount=0.025000000000000001
ColorEffect=2
ContrastAmount=0.10000000000000001
ContrastEffect=2
Enable=false
IntensityAmount=0
IntensityEffect=0


[Colors:Button]
BackgroundAlternate=255,140,217
BackgroundNormal=255,140,217
DecorationFocus=186,252,139
DecorationHover=186,252,139
ForegroundActive=186,252,139
ForegroundInactive=185,177,184
ForegroundLink=20,95,205
ForegroundNegative=84,7,16
ForegroundNeutral=185,177,184
ForegroundNormal=225,214,224
ForegroundPositive=107,208,188
ForegroundVisited=255,54,162

[Colors:Selection]
BackgroundAlternate=186,252,139
BackgroundNormal=186,252,139
DecorationFocus=186,252,139
DecorationHover=186,252,139
ForegroundActive=186,252,139
ForegroundInactive=12,12,12
ForegroundLink=20,95,205
ForegroundNegative=84,7,16
ForegroundNeutral=185,177,184
ForegroundNormal=12,12,12
ForegroundPositive=107,208,188
ForegroundVisited=255,54,162

[Colors:Tooltip]
BackgroundAlternate=255,140,217
BackgroundNormal=255,140,217
DecorationFocus=186,252,139
DecorationHover=186,252,139
ForegroundActive=186,252,139
ForegroundInactive=185,177,184
ForegroundLink=20,95,205
ForegroundNegative=84,7,16
ForegroundNeutral=185,177,184
ForegroundNormal=225,214,224
ForegroundPositive=107,208,188
ForegroundVisited=255,54,162

[Colors:View]
BackgroundAlternate=22,22,22
BackgroundNormal=44,44,44
DecorationFocus=186,252,139
DecorationHover=186,252,139
ForegroundActive=186,252,139
ForegroundInactive=185,177,184
ForegroundLink=20,95,205
ForegroundNegative=84,7,16
ForegroundNeutral=185,177,184
ForegroundNormal=225,214,224
ForegroundPositive=107,208,188
ForegroundVisited=255,54,162

[Colors:Window]
BackgroundAlternate=22,22,22
BackgroundNormal=44,44,44
DecorationFocus=186,252,139
DecorationHover=186,252,139
ForegroundActive=186,252,139
ForegroundInactive=185,177,184
ForegroundLink=20,95,205
ForegroundNegative=84,7,16
ForegroundNeutral=185,177,184
ForegroundNormal=225,214,224
ForegroundPositive=107,208,188
ForegroundVisited=255,54,162

[General]
ColorScheme=Unikitty Green
Name=Unikitty Green
shadeSortColumn=true

[KDE]
contrast=4

[WM]
activeBackground=44,44,44
activeBlend=44,44,44
activeForeground=225,214,224
inactiveBackground=22,22,22
inactiveBlend=22,22,22
inactiveForeground=185,177,184
