[ColorEffects:Disabled]
Color=56,56,56
ColorAmount=0
ColorEffect=0
ContrastAmount=0.65000000000000002
ContrastEffect=1
IntensityAmount=0.10000000000000001
IntensityEffect=2

[ColorEffects:Inactive]
ChangeSelectionColor=true
Color=112,111,110
ColorAmount=0.025000000000000001
ColorEffect=2
ContrastAmount=0.10000000000000001
ContrastEffect=2
Enable=false
IntensityAmount=0
IntensityEffect=0


[Colors:Button]
BackgroundAlternate=15,20,25
BackgroundNormal=15,20,25
DecorationFocus=184,204,82
DecorationHover=184,204,82
ForegroundActive=184,204,82
ForegroundInactive=203,203,203
ForegroundLink=54,163,217
ForegroundNegative=127,25,25
ForegroundNeutral=203,203,203
ForegroundNormal=255,255,255
ForegroundPositive=149,230,203
ForegroundVisited=240,113,120

[Colors:Selection]
BackgroundAlternate=184,204,82
BackgroundNormal=184,204,82
DecorationFocus=184,204,82
DecorationHover=184,204,82
ForegroundActive=184,204,82
ForegroundInactive=0,0,0
ForegroundLink=54,163,217
ForegroundNegative=127,25,25
ForegroundNeutral=203,203,203
ForegroundNormal=0,0,0
ForegroundPositive=149,230,203
ForegroundVisited=240,113,120

[Colors:Tooltip]
BackgroundAlternate=15,20,25
BackgroundNormal=15,20,25
DecorationFocus=184,204,82
DecorationHover=184,204,82
ForegroundActive=184,204,82
ForegroundInactive=203,203,203
ForegroundLink=54,163,217
ForegroundNegative=127,25,25
ForegroundNeutral=203,203,203
ForegroundNormal=255,255,255
ForegroundPositive=149,230,203
ForegroundVisited=240,113,120

[Colors:View]
BackgroundAlternate=16,16,16
BackgroundNormal=33,33,33
DecorationFocus=184,204,82
DecorationHover=184,204,82
ForegroundActive=184,204,82
ForegroundInactive=203,203,203
ForegroundLink=54,163,217
ForegroundNegative=127,25,25
ForegroundNeutral=203,203,203
ForegroundNormal=255,255,255
ForegroundPositive=149,230,203
ForegroundVisited=240,113,120

[Colors:Window]
BackgroundAlternate=16,16,16
BackgroundNormal=33,33,33
DecorationFocus=184,204,82
DecorationHover=184,204,82
ForegroundActive=184,204,82
ForegroundInactive=203,203,203
ForegroundLink=54,163,217
ForegroundNegative=127,25,25
ForegroundNeutral=203,203,203
ForegroundNormal=255,255,255
ForegroundPositive=149,230,203
ForegroundVisited=240,113,120

[General]
ColorScheme=ayu Green
Name=ayu Green
shadeSortColumn=true

[KDE]
contrast=4

[WM]
activeBackground=33,33,33
activeBlend=33,33,33
activeForeground=255,255,255
inactiveBackground=16,16,16
inactiveBlend=16,16,16
inactiveForeground=203,203,203
