[ColorEffects:Disabled]
Color=56,56,56
ColorAmount=0
ColorEffect=0
ContrastAmount=0.65000000000000002
ContrastEffect=1
IntensityAmount=0.10000000000000001
IntensityEffect=2

[ColorEffects:Inactive]
ChangeSelectionColor=true
Color=112,111,110
ColorAmount=0.025000000000000001
ColorEffect=2
ContrastAmount=0.10000000000000001
ContrastEffect=2
Enable=false
IntensityAmount=0
IntensityEffect=0


[Colors:Button]
BackgroundAlternate=250,250,250
BackgroundNormal=250,250,250
DecorationFocus=79,161,79
DecorationHover=79,161,79
ForegroundActive=79,161,79
ForegroundInactive=207,208,210
ForegroundLink=0,132,188
ForegroundNegative=114,43,36
ForegroundNeutral=207,208,210
ForegroundNormal=250,250,250
ForegroundPositive=9,150,179
ForegroundVisited=166,37,164

[Colors:Selection]
BackgroundAlternate=79,161,79
BackgroundNormal=79,161,79
DecorationFocus=79,161,79
DecorationHover=79,161,79
ForegroundActive=79,161,79
ForegroundInactive=55,57,66
ForegroundLink=0,132,188
ForegroundNegative=114,43,36
ForegroundNeutral=207,208,210
ForegroundNormal=55,57,66
ForegroundPositive=9,150,179
ForegroundVisited=166,37,164

[Colors:Tooltip]
BackgroundAlternate=250,250,250
BackgroundNormal=250,250,250
DecorationFocus=79,161,79
DecorationHover=79,161,79
ForegroundActive=79,161,79
ForegroundInactive=207,208,210
ForegroundLink=0,132,188
ForegroundNegative=114,43,36
ForegroundNeutral=207,208,210
ForegroundNormal=250,250,250
ForegroundPositive=9,150,179
ForegroundVisited=166,37,164

[Colors:View]
BackgroundAlternate=26,27,31
BackgroundNormal=52,54,62
DecorationFocus=79,161,79
DecorationHover=79,161,79
ForegroundActive=79,161,79
ForegroundInactive=207,208,210
ForegroundLink=0,132,188
ForegroundNegative=114,43,36
ForegroundNeutral=207,208,210
ForegroundNormal=250,250,250
ForegroundPositive=9,150,179
ForegroundVisited=166,37,164

[Colors:Window]
BackgroundAlternate=26,27,31
BackgroundNormal=52,54,62
DecorationFocus=79,161,79
DecorationHover=79,161,79
ForegroundActive=79,161,79
ForegroundInactive=207,208,210
ForegroundLink=0,132,188
ForegroundNegative=114,43,36
ForegroundNeutral=207,208,210
ForegroundNormal=250,250,250
ForegroundPositive=9,150,179
ForegroundVisited=166,37,164

[General]
ColorScheme=OneHalfLight Green
Name=OneHalfLight Green
shadeSortColumn=true

[KDE]
contrast=4

[WM]
activeBackground=52,54,62
activeBlend=52,54,62
activeForeground=250,250,250
inactiveBackground=26,27,31
inactiveBlend=26,27,31
inactiveForeground=207,208,210
