[ColorEffects:Disabled]
Color=56,56,56
ColorAmount=0
ColorEffect=0
ContrastAmount=0.65000000000000002
ContrastEffect=1
IntensityAmount=0.10000000000000001
IntensityEffect=2

[ColorEffects:Inactive]
ChangeSelectionColor=true
Color=112,111,110
ColorAmount=0.025000000000000001
ColorEffect=2
ContrastAmount=0.10000000000000001
ContrastEffect=2
Enable=false
IntensityAmount=0
IntensityEffect=0


[Colors:Button]
BackgroundAlternate=33,33,33
BackgroundNormal=33,33,33
DecorationFocus=16,167,120
DecorationHover=16,167,120
ForegroundActive=16,167,120
ForegroundInactive=179,179,179
ForegroundLink=0,142,196
ForegroundNegative=97,3,56
ForegroundNeutral=179,179,179
ForegroundNormal=217,217,217
ForegroundPositive=32,165,186
ForegroundVisited=82,60,121

[Colors:Selection]
BackgroundAlternate=16,167,120
BackgroundNormal=16,167,120
DecorationFocus=16,167,120
DecorationHover=16,167,120
ForegroundActive=16,167,120
ForegroundInactive=33,33,33
ForegroundLink=0,142,196
ForegroundNegative=97,3,56
ForegroundNeutral=179,179,179
ForegroundNormal=33,33,33
ForegroundPositive=32,165,186
ForegroundVisited=82,60,121

[Colors:Tooltip]
BackgroundAlternate=33,33,33
BackgroundNormal=33,33,33
DecorationFocus=16,167,120
DecorationHover=16,167,120
ForegroundActive=16,167,120
ForegroundInactive=179,179,179
ForegroundLink=0,142,196
ForegroundNegative=97,3,56
ForegroundNeutral=179,179,179
ForegroundNormal=217,217,217
ForegroundPositive=32,165,186
ForegroundVisited=82,60,121

[Colors:View]
BackgroundAlternate=22,22,22
BackgroundNormal=44,44,44
DecorationFocus=16,167,120
DecorationHover=16,167,120
ForegroundActive=16,167,120
ForegroundInactive=179,179,179
ForegroundLink=0,142,196
ForegroundNegative=97,3,56
ForegroundNeutral=179,179,179
ForegroundNormal=217,217,217
ForegroundPositive=32,165,186
ForegroundVisited=82,60,121

[Colors:Window]
BackgroundAlternate=22,22,22
BackgroundNormal=44,44,44
DecorationFocus=16,167,120
DecorationHover=16,167,120
ForegroundActive=16,167,120
ForegroundInactive=179,179,179
ForegroundLink=0,142,196
ForegroundNegative=97,3,56
ForegroundNeutral=179,179,179
ForegroundNormal=217,217,217
ForegroundPositive=32,165,186
ForegroundVisited=82,60,121

[General]
ColorScheme=PencilDark Green
Name=PencilDark Green
shadeSortColumn=true

[KDE]
contrast=4

[WM]
activeBackground=44,44,44
activeBlend=44,44,44
activeForeground=217,217,217
inactiveBackground=22,22,22
inactiveBlend=22,22,22
inactiveForeground=179,179,179
