[ColorEffects:Disabled]
Color=56,56,56
ColorAmount=0
ColorEffect=0
ContrastAmount=0.65000000000000002
ContrastEffect=1
IntensityAmount=0.10000000000000001
IntensityEffect=2

[ColorEffects:Inactive]
ChangeSelectionColor=true
Color=112,111,110
ColorAmount=0.025000000000000001
ColorEffect=2
ContrastAmount=0.10000000000000001
ContrastEffect=2
Enable=false
IntensityAmount=0
IntensityEffect=0


[Colors:Button]
BackgroundAlternate=31,22,38
BackgroundNormal=31,22,38
DecorationFocus=42,178,80
DecorationHover=42,178,80
ForegroundActive=42,178,80
ForegroundInactive=191,225,216
ForegroundLink=136,60,220
ForegroundNegative=108,32,66
ForegroundNeutral=191,225,216
ForegroundNormal=255,248,221
ForegroundPositive=193,184,183
ForegroundVisited=236,236,236

[Colors:Selection]
BackgroundAlternate=42,178,80
BackgroundNormal=42,178,80
DecorationFocus=42,178,80
DecorationHover=42,178,80
ForegroundActive=42,178,80
ForegroundInactive=0,5,6
ForegroundLink=136,60,220
ForegroundNegative=108,32,66
ForegroundNeutral=191,225,216
ForegroundNormal=0,5,6
ForegroundPositive=193,184,183
ForegroundVisited=236,236,236

[Colors:Tooltip]
BackgroundAlternate=31,22,38
BackgroundNormal=31,22,38
DecorationFocus=42,178,80
DecorationHover=42,178,80
ForegroundActive=42,178,80
ForegroundInactive=191,225,216
ForegroundLink=136,60,220
ForegroundNegative=108,32,66
ForegroundNeutral=191,225,216
ForegroundNormal=255,248,221
ForegroundPositive=193,184,183
ForegroundVisited=236,236,236

[Colors:View]
BackgroundAlternate=0,52,67
BackgroundNormal=0,104,134
DecorationFocus=42,178,80
DecorationHover=42,178,80
ForegroundActive=42,178,80
ForegroundInactive=191,225,216
ForegroundLink=136,60,220
ForegroundNegative=108,32,66
ForegroundNeutral=191,225,216
ForegroundNormal=255,248,221
ForegroundPositive=193,184,183
ForegroundVisited=236,236,236

[Colors:Window]
BackgroundAlternate=0,52,67
BackgroundNormal=0,104,134
DecorationFocus=42,178,80
DecorationHover=42,178,80
ForegroundActive=42,178,80
ForegroundInactive=191,225,216
ForegroundLink=136,60,220
ForegroundNegative=108,32,66
ForegroundNeutral=191,225,216
ForegroundNormal=255,248,221
ForegroundPositive=193,184,183
ForegroundVisited=236,236,236

[General]
ColorScheme=WildCherry Green
Name=WildCherry Green
shadeSortColumn=true

[KDE]
contrast=4

[WM]
activeBackground=0,104,134
activeBlend=0,104,134
activeForeground=255,248,221
inactiveBackground=0,52,67
inactiveBlend=0,52,67
inactiveForeground=191,225,216
