[ColorEffects:Disabled]
Color=56,56,56
ColorAmount=0
ColorEffect=0
ContrastAmount=0.65000000000000002
ContrastEffect=1
IntensityAmount=0.10000000000000001
IntensityEffect=2

[ColorEffects:Inactive]
ChangeSelectionColor=true
Color=112,111,110
ColorAmount=0.025000000000000001
ColorEffect=2
ContrastAmount=0.10000000000000001
ContrastEffect=2
Enable=false
IntensityAmount=0
IntensityEffect=0


[Colors:Button]
BackgroundAlternate=41,38,47
BackgroundNormal=41,38,47
DecorationFocus=114,195,115
DecorationHover=114,195,115
ForegroundActive=114,195,115
ForegroundInactive=175,175,175
ForegroundLink=115,114,195
ForegroundNegative=97,57,57
ForegroundNeutral=175,175,175
ForegroundNormal=217,217,217
ForegroundPositive=114,194,195
ForegroundVisited=195,114,194

[Colors:Selection]
BackgroundAlternate=114,195,115
BackgroundNormal=114,195,115
DecorationFocus=114,195,115
DecorationHover=114,195,115
ForegroundActive=114,195,115
ForegroundInactive=0,0,0
ForegroundLink=115,114,195
ForegroundNegative=97,57,57
ForegroundNeutral=175,175,175
ForegroundNormal=0,0,0
ForegroundPositive=114,194,195
ForegroundVisited=195,114,194

[Colors:Tooltip]
BackgroundAlternate=41,38,47
BackgroundNormal=41,38,47
DecorationFocus=114,195,115
DecorationHover=114,195,115
ForegroundActive=114,195,115
ForegroundInactive=175,175,175
ForegroundLink=115,114,195
ForegroundNegative=97,57,57
ForegroundNeutral=175,175,175
ForegroundNormal=217,217,217
ForegroundPositive=114,194,195
ForegroundVisited=195,114,194

[Colors:View]
BackgroundAlternate=16,16,16
BackgroundNormal=33,33,33
DecorationFocus=114,195,115
DecorationHover=114,195,115
ForegroundActive=114,195,115
ForegroundInactive=175,175,175
ForegroundLink=115,114,195
ForegroundNegative=97,57,57
ForegroundNeutral=175,175,175
ForegroundNormal=217,217,217
ForegroundPositive=114,194,195
ForegroundVisited=195,114,194

[Colors:Window]
BackgroundAlternate=16,16,16
BackgroundNormal=33,33,33
DecorationFocus=114,195,115
DecorationHover=114,195,115
ForegroundActive=114,195,115
ForegroundInactive=175,175,175
ForegroundLink=115,114,195
ForegroundNegative=97,57,57
ForegroundNeutral=175,175,175
ForegroundNormal=217,217,217
ForegroundPositive=114,194,195
ForegroundVisited=195,114,194

[General]
ColorScheme=Chalkboard Green
Name=Chalkboard Green
shadeSortColumn=true

[KDE]
contrast=4

[WM]
activeBackground=33,33,33
activeBlend=33,33,33
activeForeground=217,217,217
inactiveBackground=16,16,16
inactiveBlend=16,16,16
inactiveForeground=175,175,175
