[ColorEffects:Disabled]
Color=56,56,56
ColorAmount=0
ColorEffect=0
ContrastAmount=0.65000000000000002
ContrastEffect=1
IntensityAmount=0.10000000000000001
IntensityEffect=2

[ColorEffects:Inactive]
ChangeSelectionColor=true
Color=112,111,110
ColorAmount=0.025000000000000001
ColorEffect=2
ContrastAmount=0.10000000000000001
ContrastEffect=2
Enable=false
IntensityAmount=0
IntensityEffect=0


[Colors:Button]
BackgroundAlternate=19,19,19
BackgroundNormal=19,19,19
DecorationFocus=44,197,93
DecorationHover=44,197,93
ForegroundActive=44,197,93
ForegroundInactive=214,218,228
ForegroundLink=42,132,210
ForegroundNegative=123,8,12
ForegroundNeutral=214,218,228
ForegroundNormal=214,218,228
ForegroundPositive=15,128,213
ForegroundVisited=78,89,183

[Colors:Selection]
BackgroundAlternate=44,197,93
BackgroundNormal=44,197,93
DecorationFocus=44,197,93
DecorationHover=44,197,93
ForegroundActive=44,197,93
ForegroundInactive=31,31,31
ForegroundLink=42,132,210
ForegroundNegative=123,8,12
ForegroundNeutral=214,218,228
ForegroundNormal=31,31,31
ForegroundPositive=15,128,213
ForegroundVisited=78,89,183

[Colors:Tooltip]
BackgroundAlternate=19,19,19
BackgroundNormal=19,19,19
DecorationFocus=44,197,93
DecorationHover=44,197,93
ForegroundActive=44,197,93
ForegroundInactive=214,218,228
ForegroundLink=42,132,210
ForegroundNegative=123,8,12
ForegroundNeutral=214,218,228
ForegroundNormal=214,218,228
ForegroundPositive=15,128,213
ForegroundVisited=78,89,183

[Colors:View]
BackgroundAlternate=71,72,76
BackgroundNormal=142,145,152
DecorationFocus=44,197,93
DecorationHover=44,197,93
ForegroundActive=44,197,93
ForegroundInactive=214,218,228
ForegroundLink=42,132,210
ForegroundNegative=123,8,12
ForegroundNeutral=214,218,228
ForegroundNormal=214,218,228
ForegroundPositive=15,128,213
ForegroundVisited=78,89,183

[Colors:Window]
BackgroundAlternate=71,72,76
BackgroundNormal=142,145,152
DecorationFocus=44,197,93
DecorationHover=44,197,93
ForegroundActive=44,197,93
ForegroundInactive=214,218,228
ForegroundLink=42,132,210
ForegroundNegative=123,8,12
ForegroundNeutral=214,218,228
ForegroundNormal=214,218,228
ForegroundPositive=15,128,213
ForegroundVisited=78,89,183

[General]
ColorScheme=Brogrammer Green
Name=Brogrammer Green
shadeSortColumn=true

[KDE]
contrast=4

[WM]
activeBackground=142,145,152
activeBlend=142,145,152
activeForeground=214,218,228
inactiveBackground=71,72,76
inactiveBlend=71,72,76
inactiveForeground=214,218,228
