[ColorEffects:Disabled]
Color=56,56,56
ColorAmount=0
ColorEffect=0
ContrastAmount=0.65000000000000002
ContrastEffect=1
IntensityAmount=0.10000000000000001
IntensityEffect=2

[ColorEffects:Inactive]
ChangeSelectionColor=true
Color=112,111,110
ColorAmount=0.025000000000000001
ColorEffect=2
ContrastAmount=0.10000000000000001
ContrastEffect=2
Enable=false
IntensityAmount=0
IntensityEffect=0


[Colors:Button]
BackgroundAlternate=42,33,57
BackgroundNormal=42,33,57
DecorationFocus=114,241,184
DecorationHover=114,241,184
ForegroundActive=114,241,184
ForegroundInactive=254,254,254
ForegroundLink=109,119,179
ForegroundNegative=124,63,57
ForegroundNeutral=254,254,254
ForegroundNormal=254,254,254
ForegroundPositive=247,114,224
ForegroundVisited=199,146,234

[Colors:Selection]
BackgroundAlternate=114,241,184
BackgroundNormal=114,241,184
DecorationFocus=114,241,184
DecorationHover=114,241,184
ForegroundActive=114,241,184
ForegroundInactive=254,254,254
ForegroundLink=109,119,179
ForegroundNegative=124,63,57
ForegroundNeutral=254,254,254
ForegroundNormal=254,254,254
ForegroundPositive=247,114,224
ForegroundVisited=199,146,234

[Colors:Tooltip]
BackgroundAlternate=42,33,57
BackgroundNormal=42,33,57
DecorationFocus=114,241,184
DecorationHover=114,241,184
ForegroundActive=114,241,184
ForegroundInactive=254,254,254
ForegroundLink=109,119,179
ForegroundNegative=124,63,57
ForegroundNeutral=254,254,254
ForegroundNormal=254,254,254
ForegroundPositive=247,114,224
ForegroundVisited=199,146,234

[Colors:View]
BackgroundAlternate=84,84,84
BackgroundNormal=169,169,169
DecorationFocus=114,241,184
DecorationHover=114,241,184
ForegroundActive=114,241,184
ForegroundInactive=254,254,254
ForegroundLink=109,119,179
ForegroundNegative=124,63,57
ForegroundNeutral=254,254,254
ForegroundNormal=254,254,254
ForegroundPositive=247,114,224
ForegroundVisited=199,146,234

[Colors:Window]
BackgroundAlternate=84,84,84
BackgroundNormal=169,169,169
DecorationFocus=114,241,184
DecorationHover=114,241,184
ForegroundActive=114,241,184
ForegroundInactive=254,254,254
ForegroundLink=109,119,179
ForegroundNegative=124,63,57
ForegroundNeutral=254,254,254
ForegroundNormal=254,254,254
ForegroundPositive=247,114,224
ForegroundVisited=199,146,234

[General]
ColorScheme=synthwave-everything Green
Name=synthwave-everything Green
shadeSortColumn=true

[KDE]
contrast=4

[WM]
activeBackground=169,169,169
activeBlend=169,169,169
activeForeground=254,254,254
inactiveBackground=84,84,84
inactiveBlend=84,84,84
inactiveForeground=254,254,254
