[ColorEffects:Disabled]
Color=56,56,56
ColorAmount=0
ColorEffect=0
ContrastAmount=0.65000000000000002
ContrastEffect=1
IntensityAmount=0.10000000000000001
IntensityEffect=2

[ColorEffects:Inactive]
ChangeSelectionColor=true
Color=112,111,110
ColorAmount=0.025000000000000001
ColorEffect=2
ContrastAmount=0.10000000000000001
ContrastEffect=2
Enable=false
IntensityAmount=0
IntensityEffect=0


[Colors:Button]
BackgroundAlternate=0,30,38
BackgroundNormal=0,30,38
DecorationFocus=107,190,108
DecorationHover=107,190,108
ForegroundActive=107,190,108
ForegroundInactive=174,194,186
ForegroundLink=32,117,199
ForegroundNegative=104,13,18
ForegroundNeutral=174,194,186
ForegroundNormal=233,226,203
ForegroundPositive=37,145,133
ForegroundVisited=198,27,110

[Colors:Selection]
BackgroundAlternate=107,190,108
BackgroundNormal=107,190,108
DecorationFocus=107,190,108
DecorationHover=107,190,108
ForegroundActive=107,190,108
ForegroundInactive=0,39,49
ForegroundLink=32,117,199
ForegroundNegative=104,13,18
ForegroundNeutral=174,194,186
ForegroundNormal=0,39,49
ForegroundPositive=37,145,133
ForegroundVisited=198,27,110

[Colors:Tooltip]
BackgroundAlternate=0,30,38
BackgroundNormal=0,30,38
DecorationFocus=107,190,108
DecorationHover=107,190,108
ForegroundActive=107,190,108
ForegroundInactive=174,194,186
ForegroundLink=32,117,199
ForegroundNegative=104,13,18
ForegroundNeutral=174,194,186
ForegroundNormal=233,226,203
ForegroundPositive=37,145,133
ForegroundVisited=198,27,110

[Colors:View]
BackgroundAlternate=0,33,45
BackgroundNormal=0,66,90
DecorationFocus=107,190,108
DecorationHover=107,190,108
ForegroundActive=107,190,108
ForegroundInactive=174,194,186
ForegroundLink=32,117,199
ForegroundNegative=104,13,18
ForegroundNeutral=174,194,186
ForegroundNormal=233,226,203
ForegroundPositive=37,145,133
ForegroundVisited=198,27,110

[Colors:Window]
BackgroundAlternate=0,33,45
BackgroundNormal=0,66,90
DecorationFocus=107,190,108
DecorationHover=107,190,108
ForegroundActive=107,190,108
ForegroundInactive=174,194,186
ForegroundLink=32,117,199
ForegroundNegative=104,13,18
ForegroundNeutral=174,194,186
ForegroundNormal=233,226,203
ForegroundPositive=37,145,133
ForegroundVisited=198,27,110

[General]
ColorScheme=Solarized Dark Higher Contrast Green
Name=Solarized Dark Higher Contrast Green
shadeSortColumn=true

[KDE]
contrast=4

[WM]
activeBackground=0,66,90
activeBlend=0,66,90
activeForeground=233,226,203
inactiveBackground=0,33,45
inactiveBlend=0,33,45
inactiveForeground=174,194,186
