[ColorEffects:Disabled]
Color=56,56,56
ColorAmount=0
ColorEffect=0
ContrastAmount=0.65000000000000002
ContrastEffect=1
IntensityAmount=0.10000000000000001
IntensityEffect=2

[ColorEffects:Inactive]
ChangeSelectionColor=true
Color=112,111,110
ColorAmount=0.025000000000000001
ColorEffect=2
ContrastAmount=0.10000000000000001
ContrastEffect=2
Enable=false
IntensityAmount=0
IntensityEffect=0


[Colors:Button]
BackgroundAlternate=30,32,39
BackgroundNormal=30,32,39
DecorationFocus=35,151,74
DecorationHover=35,151,74
ForegroundActive=35,151,74
ForegroundInactive=177,186,201
ForegroundLink=40,90,254
ForegroundNegative=123,8,32
ForegroundNeutral=177,186,201
ForegroundNormal=204,213,228
ForegroundPositive=54,111,153
ForegroundVisited=140,98,253

[Colors:Selection]
BackgroundAlternate=35,151,74
BackgroundNormal=35,151,74
DecorationFocus=35,151,74
DecorationHover=35,151,74
ForegroundActive=35,151,74
ForegroundInactive=73,79,92
ForegroundLink=40,90,254
ForegroundNegative=123,8,32
ForegroundNeutral=177,186,201
ForegroundNormal=73,79,92
ForegroundPositive=54,111,153
ForegroundVisited=140,98,253

[Colors:Tooltip]
BackgroundAlternate=30,32,39
BackgroundNormal=30,32,39
DecorationFocus=35,151,74
DecorationHover=35,151,74
ForegroundActive=35,151,74
ForegroundInactive=177,186,201
ForegroundLink=40,90,254
ForegroundNegative=123,8,32
ForegroundNeutral=177,186,201
ForegroundNormal=204,213,228
ForegroundPositive=54,111,153
ForegroundVisited=140,98,253

[Colors:View]
BackgroundAlternate=32,35,40
BackgroundNormal=64,70,81
DecorationFocus=35,151,74
DecorationHover=35,151,74
ForegroundActive=35,151,74
ForegroundInactive=177,186,201
ForegroundLink=40,90,254
ForegroundNegative=123,8,32
ForegroundNeutral=177,186,201
ForegroundNormal=204,213,228
ForegroundPositive=54,111,153
ForegroundVisited=140,98,253

[Colors:Window]
BackgroundAlternate=32,35,40
BackgroundNormal=64,70,81
DecorationFocus=35,151,74
DecorationHover=35,151,74
ForegroundActive=35,151,74
ForegroundInactive=177,186,201
ForegroundLink=40,90,254
ForegroundNegative=123,8,32
ForegroundNeutral=177,186,201
ForegroundNormal=204,213,228
ForegroundPositive=54,111,153
ForegroundVisited=140,98,253

[General]
ColorScheme=BlulocoDark Green
Name=BlulocoDark Green
shadeSortColumn=true

[KDE]
contrast=4

[WM]
activeBackground=64,70,81
activeBlend=64,70,81
activeForeground=204,213,228
inactiveBackground=32,35,40
inactiveBlend=32,35,40
inactiveForeground=177,186,201
