[ColorEffects:Disabled]
Color=56,56,56
ColorAmount=0
ColorEffect=0
ContrastAmount=0.65000000000000002
ContrastEffect=1
IntensityAmount=0.10000000000000001
IntensityEffect=2

[ColorEffects:Inactive]
ChangeSelectionColor=true
Color=112,111,110
ColorAmount=0.025000000000000001
ColorEffect=2
ContrastAmount=0.10000000000000001
ContrastEffect=2
Enable=false
IntensityAmount=0
IntensityEffect=0


[Colors:Button]
BackgroundAlternate=26,26,26
BackgroundNormal=26,26,26
DecorationFocus=182,55,125
DecorationHover=182,55,125
ForegroundActive=182,55,125
ForegroundInactive=186,186,186
ForegroundLink=169,205,235
ForegroundNegative=116,68,62
ForegroundNeutral=186,186,186
ForegroundNormal=242,242,242
ForegroundPositive=201,202,236
ForegroundVisited=117,80,123

[Colors:Selection]
BackgroundAlternate=182,55,125
BackgroundNormal=182,55,125
DecorationFocus=182,55,125
DecorationHover=182,55,125
ForegroundActive=182,55,125
ForegroundInactive=5,5,5
ForegroundLink=169,205,235
ForegroundNegative=116,68,62
ForegroundNeutral=186,186,186
ForegroundNormal=5,5,5
ForegroundPositive=201,202,236
ForegroundVisited=117,80,123

[Colors:Tooltip]
BackgroundAlternate=26,26,26
BackgroundNormal=26,26,26
DecorationFocus=182,55,125
DecorationHover=182,55,125
ForegroundActive=182,55,125
ForegroundInactive=186,186,186
ForegroundLink=169,205,235
ForegroundNegative=116,68,62
ForegroundNeutral=186,186,186
ForegroundNormal=242,242,242
ForegroundPositive=201,202,236
ForegroundVisited=117,80,123

[Colors:View]
BackgroundAlternate=6,6,6
BackgroundNormal=13,13,13
DecorationFocus=182,55,125
DecorationHover=182,55,125
ForegroundActive=182,55,125
ForegroundInactive=186,186,186
ForegroundLink=169,205,235
ForegroundNegative=116,68,62
ForegroundNeutral=186,186,186
ForegroundNormal=242,242,242
ForegroundPositive=201,202,236
ForegroundVisited=117,80,123

[Colors:Window]
BackgroundAlternate=6,6,6
BackgroundNormal=13,13,13
DecorationFocus=182,55,125
DecorationHover=182,55,125
ForegroundActive=182,55,125
ForegroundInactive=186,186,186
ForegroundLink=169,205,235
ForegroundNegative=116,68,62
ForegroundNeutral=186,186,186
ForegroundNormal=242,242,242
ForegroundPositive=201,202,236
ForegroundVisited=117,80,123

[General]
ColorScheme=Square Green
Name=Square Green
shadeSortColumn=true

[KDE]
contrast=4

[WM]
activeBackground=13,13,13
activeBlend=13,13,13
activeForeground=242,242,242
inactiveBackground=6,6,6
inactiveBlend=6,6,6
inactiveForeground=186,186,186
