[ColorEffects:Disabled]
Color=56,56,56
ColorAmount=0
ColorEffect=0
ContrastAmount=0.65000000000000002
ContrastEffect=1
IntensityAmount=0.10000000000000001
IntensityEffect=2

[ColorEffects:Inactive]
ChangeSelectionColor=true
Color=112,111,110
ColorAmount=0.025000000000000001
ColorEffect=2
ContrastAmount=0.10000000000000001
ContrastEffect=2
Enable=false
IntensityAmount=0
IntensityEffect=0


[Colors:Button]
BackgroundAlternate=27,27,35
BackgroundNormal=27,27,35
DecorationFocus=55,163,21
DecorationHover=55,163,21
ForegroundActive=55,163,21
ForegroundInactive=124,103,126
ForegroundLink=85,77,154
ForegroundNegative=87,33,45
ForegroundNeutral=124,103,126
ForegroundNormal=135,121,156
ForegroundPositive=128,128,128
ForegroundVisited=108,59,161

[Colors:Selection]
BackgroundAlternate=55,163,21
BackgroundNormal=55,163,21
DecorationFocus=55,163,21
DecorationHover=55,163,21
ForegroundActive=55,163,21
ForegroundInactive=0,0,0
ForegroundLink=85,77,154
ForegroundNegative=87,33,45
ForegroundNeutral=124,103,126
ForegroundNormal=0,0,0
ForegroundPositive=128,128,128
ForegroundVisited=108,59,161

[Colors:Tooltip]
BackgroundAlternate=27,27,35
BackgroundNormal=27,27,35
DecorationFocus=55,163,21
DecorationHover=55,163,21
ForegroundActive=55,163,21
ForegroundInactive=124,103,126
ForegroundLink=85,77,154
ForegroundNegative=87,33,45
ForegroundNeutral=124,103,126
ForegroundNormal=135,121,156
ForegroundPositive=128,128,128
ForegroundVisited=108,59,161

[Colors:View]
BackgroundAlternate=30,16,12
BackgroundNormal=61,32,24
DecorationFocus=55,163,21
DecorationHover=55,163,21
ForegroundActive=55,163,21
ForegroundInactive=124,103,126
ForegroundLink=85,77,154
ForegroundNegative=87,33,45
ForegroundNeutral=124,103,126
ForegroundNormal=135,121,156
ForegroundPositive=128,128,128
ForegroundVisited=108,59,161

[Colors:Window]
BackgroundAlternate=30,16,12
BackgroundNormal=61,32,24
DecorationFocus=55,163,21
DecorationHover=55,163,21
ForegroundActive=55,163,21
ForegroundInactive=124,103,126
ForegroundLink=85,77,154
ForegroundNegative=87,33,45
ForegroundNeutral=124,103,126
ForegroundNormal=135,121,156
ForegroundPositive=128,128,128
ForegroundVisited=108,59,161

[General]
ColorScheme=Urple Green
Name=Urple Green
shadeSortColumn=true

[KDE]
contrast=4

[WM]
activeBackground=61,32,24
activeBlend=61,32,24
activeForeground=135,121,156
inactiveBackground=30,16,12
inactiveBlend=30,16,12
inactiveForeground=124,103,126
