[ColorEffects:Disabled]
Color=56,56,56
ColorAmount=0
ColorEffect=0
ContrastAmount=0.65000000000000002
ContrastEffect=1
IntensityAmount=0.10000000000000001
IntensityEffect=2

[ColorEffects:Inactive]
ChangeSelectionColor=true
Color=112,111,110
ColorAmount=0.025000000000000001
ColorEffect=2
ContrastAmount=0.10000000000000001
ContrastEffect=2
Enable=false
IntensityAmount=0
IntensityEffect=0


[Colors:Button]
BackgroundAlternate=0,0,0
BackgroundNormal=0,0,0
DecorationFocus=204,255,4
DecorationHover=204,255,4
ForegroundActive=204,255,4
ForegroundInactive=205,205,205
ForegroundLink=68,179,204
ForegroundNegative=127,51,0
ForegroundNeutral=205,205,205
ForegroundNormal=245,245,245
ForegroundPositive=68,179,204
ForegroundVisited=153,51,204

[Colors:Selection]
BackgroundAlternate=204,255,4
BackgroundNormal=204,255,4
DecorationFocus=204,255,4
DecorationHover=204,255,4
ForegroundActive=204,255,4
ForegroundInactive=135,135,135
ForegroundLink=68,179,204
ForegroundNegative=127,51,0
ForegroundNeutral=205,205,205
ForegroundNormal=135,135,135
ForegroundPositive=68,179,204
ForegroundVisited=153,51,204

[Colors:Tooltip]
BackgroundAlternate=0,0,0
BackgroundNormal=0,0,0
DecorationFocus=204,255,4
DecorationHover=204,255,4
ForegroundActive=204,255,4
ForegroundInactive=205,205,205
ForegroundLink=68,179,204
ForegroundNegative=127,51,0
ForegroundNeutral=205,205,205
ForegroundNormal=245,245,245
ForegroundPositive=68,179,204
ForegroundVisited=153,51,204

[Colors:View]
BackgroundAlternate=28,28,28
BackgroundNormal=56,56,56
DecorationFocus=204,255,4
DecorationHover=204,255,4
ForegroundActive=204,255,4
ForegroundInactive=205,205,205
ForegroundLink=68,179,204
ForegroundNegative=127,51,0
ForegroundNeutral=205,205,205
ForegroundNormal=245,245,245
ForegroundPositive=68,179,204
ForegroundVisited=153,51,204

[Colors:Window]
BackgroundAlternate=28,28,28
BackgroundNormal=56,56,56
DecorationFocus=204,255,4
DecorationHover=204,255,4
ForegroundActive=204,255,4
ForegroundInactive=205,205,205
ForegroundLink=68,179,204
ForegroundNegative=127,51,0
ForegroundNeutral=205,205,205
ForegroundNormal=245,245,245
ForegroundPositive=68,179,204
ForegroundVisited=153,51,204

[General]
ColorScheme=VibrantInk Green
Name=VibrantInk Green
shadeSortColumn=true

[KDE]
contrast=4

[WM]
activeBackground=56,56,56
activeBlend=56,56,56
activeForeground=245,245,245
inactiveBackground=28,28,28
inactiveBlend=28,28,28
inactiveForeground=205,205,205
