[ColorEffects:Disabled]
Color=56,56,56
ColorAmount=0
ColorEffect=0
ContrastAmount=0.65000000000000002
ContrastEffect=1
IntensityAmount=0.10000000000000001
IntensityEffect=2

[ColorEffects:Inactive]
ChangeSelectionColor=true
Color=112,111,110
ColorAmount=0.025000000000000001
ColorEffect=2
ContrastAmount=0.10000000000000001
ContrastEffect=2
Enable=false
IntensityAmount=0
IntensityEffect=0


[Colors:Button]
BackgroundAlternate=46,46,46
BackgroundNormal=46,46,46
DecorationFocus=62,179,131
DecorationHover=62,179,131
ForegroundActive=62,179,131
ForegroundInactive=207,208,208
ForegroundLink=219,59,33
ForegroundNegative=126,54,19
ForegroundNeutral=207,208,208
ForegroundNormal=254,255,255
ForegroundPositive=110,73,203
ForegroundVisited=56,13,117

[Colors:Selection]
BackgroundAlternate=62,179,131
BackgroundNormal=62,179,131
DecorationFocus=62,179,131
DecorationHover=62,179,131
ForegroundActive=62,179,131
ForegroundInactive=46,46,46
ForegroundLink=219,59,33
ForegroundNegative=126,54,19
ForegroundNeutral=207,208,208
ForegroundNormal=46,46,46
ForegroundPositive=110,73,203
ForegroundVisited=56,13,117

[Colors:Tooltip]
BackgroundAlternate=46,46,46
BackgroundNormal=46,46,46
DecorationFocus=62,179,131
DecorationHover=62,179,131
ForegroundActive=62,179,131
ForegroundInactive=207,208,208
ForegroundLink=219,59,33
ForegroundNegative=126,54,19
ForegroundNeutral=207,208,208
ForegroundNormal=254,255,255
ForegroundPositive=110,73,203
ForegroundVisited=56,13,117

[Colors:View]
BackgroundAlternate=23,23,23
BackgroundNormal=46,46,46
DecorationFocus=62,179,131
DecorationHover=62,179,131
ForegroundActive=62,179,131
ForegroundInactive=207,208,208
ForegroundLink=219,59,33
ForegroundNegative=126,54,19
ForegroundNeutral=207,208,208
ForegroundNormal=254,255,255
ForegroundPositive=110,73,203
ForegroundVisited=56,13,117

[Colors:Window]
BackgroundAlternate=23,23,23
BackgroundNormal=46,46,46
DecorationFocus=62,179,131
DecorationHover=62,179,131
ForegroundActive=62,179,131
ForegroundInactive=207,208,208
ForegroundLink=219,59,33
ForegroundNegative=126,54,19
ForegroundNeutral=207,208,208
ForegroundNormal=254,255,255
ForegroundPositive=110,73,203
ForegroundVisited=56,13,117

[General]
ColorScheme=Lab Fox Green
Name=Lab Fox Green
shadeSortColumn=true

[KDE]
contrast=4

[WM]
activeBackground=46,46,46
activeBlend=46,46,46
activeForeground=254,255,255
inactiveBackground=23,23,23
inactiveBlend=23,23,23
inactiveForeground=207,208,208
