[ColorEffects:Disabled]
Color=56,56,56
ColorAmount=0
ColorEffect=0
ContrastAmount=0.65000000000000002
ContrastEffect=1
IntensityAmount=0.10000000000000001
IntensityEffect=2

[ColorEffects:Inactive]
ChangeSelectionColor=true
Color=112,111,110
ColorAmount=0.025000000000000001
ColorEffect=2
ContrastAmount=0.10000000000000001
ContrastEffect=2
Enable=false
IntensityAmount=0
IntensityEffect=0


[Colors:Button]
BackgroundAlternate=51,51,51
BackgroundNormal=51,51,51
DecorationFocus=152,251,152
DecorationHover=152,251,152
ForegroundActive=152,251,152
ForegroundInactive=205,187,155
ForegroundLink=205,133,63
ForegroundNegative=127,21,21
ForegroundNeutral=205,187,155
ForegroundNormal=245,222,179
ForegroundPositive=255,160,160
ForegroundVisited=255,222,173

[Colors:Selection]
BackgroundAlternate=152,251,152
BackgroundNormal=152,251,152
DecorationFocus=152,251,152
DecorationHover=152,251,152
ForegroundActive=152,251,152
ForegroundInactive=77,77,77
ForegroundLink=205,133,63
ForegroundNegative=127,21,21
ForegroundNeutral=205,187,155
ForegroundNormal=77,77,77
ForegroundPositive=255,160,160
ForegroundVisited=255,222,173

[Colors:Tooltip]
BackgroundAlternate=51,51,51
BackgroundNormal=51,51,51
DecorationFocus=152,251,152
DecorationHover=152,251,152
ForegroundActive=152,251,152
ForegroundInactive=205,187,155
ForegroundLink=205,133,63
ForegroundNegative=127,21,21
ForegroundNeutral=205,187,155
ForegroundNormal=245,222,179
ForegroundPositive=255,160,160
ForegroundVisited=255,222,173

[Colors:View]
BackgroundAlternate=28,28,28
BackgroundNormal=56,56,56
DecorationFocus=152,251,152
DecorationHover=152,251,152
ForegroundActive=152,251,152
ForegroundInactive=205,187,155
ForegroundLink=205,133,63
ForegroundNegative=127,21,21
ForegroundNeutral=205,187,155
ForegroundNormal=245,222,179
ForegroundPositive=255,160,160
ForegroundVisited=255,222,173

[Colors:Window]
BackgroundAlternate=28,28,28
BackgroundNormal=56,56,56
DecorationFocus=152,251,152
DecorationHover=152,251,152
ForegroundActive=152,251,152
ForegroundInactive=205,187,155
ForegroundLink=205,133,63
ForegroundNegative=127,21,21
ForegroundNeutral=205,187,155
ForegroundNormal=245,222,179
ForegroundPositive=255,160,160
ForegroundVisited=255,222,173

[General]
ColorScheme=Desert Green
Name=Desert Green
shadeSortColumn=true

[KDE]
contrast=4

[WM]
activeBackground=56,56,56
activeBlend=56,56,56
activeForeground=245,222,179
inactiveBackground=28,28,28
inactiveBlend=28,28,28
inactiveForeground=205,187,155
