[ColorEffects:Disabled]
Color=56,56,56
ColorAmount=0
ColorEffect=0
ContrastAmount=0.65000000000000002
ContrastEffect=1
IntensityAmount=0.10000000000000001
IntensityEffect=2

[ColorEffects:Inactive]
ChangeSelectionColor=true
Color=112,111,110
ColorAmount=0.025000000000000001
ColorEffect=2
ContrastAmount=0.10000000000000001
ContrastEffect=2
Enable=false
IntensityAmount=0
IntensityEffect=0


[Colors:Button]
BackgroundAlternate=29,29,29
BackgroundNormal=29,29,29
DecorationFocus=134,135,21
DecorationHover=134,135,21
ForegroundActive=134,135,21
ForegroundInactive=145,129,108
ForegroundLink=55,114,116
ForegroundNegative=95,7,11
ForegroundNeutral=145,129,108
ForegroundNormal=151,135,113
ForegroundPositive=86,141,87
ForegroundVisited=159,75,115

[Colors:Selection]
BackgroundAlternate=134,135,21
BackgroundNormal=134,135,21
DecorationFocus=134,135,21
DecorationHover=134,135,21
ForegroundActive=134,135,21
ForegroundInactive=29,29,29
ForegroundLink=55,114,116
ForegroundNegative=95,7,11
ForegroundNeutral=145,129,108
ForegroundNormal=29,29,29
ForegroundPositive=86,141,87
ForegroundVisited=159,75,115

[Colors:Tooltip]
BackgroundAlternate=29,29,29
BackgroundNormal=29,29,29
DecorationFocus=134,135,21
DecorationHover=134,135,21
ForegroundActive=134,135,21
ForegroundInactive=145,129,108
ForegroundLink=55,114,116
ForegroundNegative=95,7,11
ForegroundNeutral=145,129,108
ForegroundNormal=151,135,113
ForegroundPositive=86,141,87
ForegroundVisited=159,75,115

[Colors:View]
BackgroundAlternate=42,37,32
BackgroundNormal=84,74,64
DecorationFocus=134,135,21
DecorationHover=134,135,21
ForegroundActive=134,135,21
ForegroundInactive=145,129,108
ForegroundLink=55,114,116
ForegroundNegative=95,7,11
ForegroundNeutral=145,129,108
ForegroundNormal=151,135,113
ForegroundPositive=86,141,87
ForegroundVisited=159,75,115

[Colors:Window]
BackgroundAlternate=42,37,32
BackgroundNormal=84,74,64
DecorationFocus=134,135,21
DecorationHover=134,135,21
ForegroundActive=134,135,21
ForegroundInactive=145,129,108
ForegroundLink=55,114,116
ForegroundNegative=95,7,11
ForegroundNeutral=145,129,108
ForegroundNormal=151,135,113
ForegroundPositive=86,141,87
ForegroundVisited=159,75,115

[General]
ColorScheme=Gruvbox Dark Green
Name=Gruvbox Dark Green
shadeSortColumn=true

[KDE]
contrast=4

[WM]
activeBackground=84,74,64
activeBlend=84,74,64
activeForeground=151,135,113
inactiveBackground=42,37,32
inactiveBlend=42,37,32
inactiveForeground=145,129,108
