[ColorEffects:Disabled]
Color=56,56,56
ColorAmount=0
ColorEffect=0
ContrastAmount=0.65000000000000002
ContrastEffect=1
IntensityAmount=0.10000000000000001
IntensityEffect=2

[ColorEffects:Inactive]
ChangeSelectionColor=true
Color=112,111,110
ColorAmount=0.025000000000000001
ColorEffect=2
ContrastAmount=0.10000000000000001
ContrastEffect=2
Enable=false
IntensityAmount=0
IntensityEffect=0


[Colors:Button]
BackgroundAlternate=42,26,74
BackgroundNormal=42,26,74
DecorationFocus=152,180,129
DecorationHover=152,180,129
ForegroundActive=152,180,129
ForegroundInactive=195,142,105
ForegroundLink=102,217,239
ForegroundNegative=127,60,54
ForegroundNeutral=195,142,105
ForegroundNormal=255,186,129
ForegroundPositive=185,140,255
ForegroundVisited=230,142,205

[Colors:Selection]
BackgroundAlternate=152,180,129
BackgroundNormal=152,180,129
DecorationFocus=152,180,129
DecorationHover=152,180,129
ForegroundActive=152,180,129
ForegroundInactive=10,4,31
ForegroundLink=102,217,239
ForegroundNegative=127,60,54
ForegroundNeutral=195,142,105
ForegroundNormal=10,4,31
ForegroundPositive=185,140,255
ForegroundVisited=230,142,205

[Colors:Tooltip]
BackgroundAlternate=42,26,74
BackgroundNormal=42,26,74
DecorationFocus=152,180,129
DecorationHover=152,180,129
ForegroundActive=152,180,129
ForegroundInactive=195,142,105
ForegroundLink=102,217,239
ForegroundNegative=127,60,54
ForegroundNeutral=195,142,105
ForegroundNormal=255,186,129
ForegroundPositive=185,140,255
ForegroundVisited=230,142,205

[Colors:View]
BackgroundAlternate=5,3,11
BackgroundNormal=10,7,22
DecorationFocus=152,180,129
DecorationHover=152,180,129
ForegroundActive=152,180,129
ForegroundInactive=195,142,105
ForegroundLink=102,217,239
ForegroundNegative=127,60,54
ForegroundNeutral=195,142,105
ForegroundNormal=255,186,129
ForegroundPositive=185,140,255
ForegroundVisited=230,142,205

[Colors:Window]
BackgroundAlternate=5,3,11
BackgroundNormal=10,7,22
DecorationFocus=152,180,129
DecorationHover=152,180,129
ForegroundActive=152,180,129
ForegroundInactive=195,142,105
ForegroundLink=102,217,239
ForegroundNegative=127,60,54
ForegroundNeutral=195,142,105
ForegroundNormal=255,186,129
ForegroundPositive=185,140,255
ForegroundVisited=230,142,205

[General]
ColorScheme=purplepeter Green
Name=purplepeter Green
shadeSortColumn=true

[KDE]
contrast=4

[WM]
activeBackground=10,7,22
activeBlend=10,7,22
activeForeground=255,186,129
inactiveBackground=5,3,11
inactiveBlend=5,3,11
inactiveForeground=195,142,105
