[ColorEffects:Disabled]
Color=56,56,56
ColorAmount=0
ColorEffect=0
ContrastAmount=0.65000000000000002
ContrastEffect=1
IntensityAmount=0.10000000000000001
IntensityEffect=2

[ColorEffects:Inactive]
ChangeSelectionColor=true
Color=112,111,110
ColorAmount=0.025000000000000001
ColorEffect=2
ContrastAmount=0.10000000000000001
ContrastEffect=2
Enable=false
IntensityAmount=0
IntensityEffect=0


[Colors:Button]
BackgroundAlternate=29,31,40
BackgroundNormal=29,31,40
DecorationFocus=90,222,205
DecorationHover=90,222,205
ForegroundActive=90,222,205
ForegroundInactive=206,206,211
ForegroundLink=136,151,244
ForegroundNegative=121,63,75
ForegroundNeutral=206,206,211
ForegroundNormal=253,253,253
ForegroundPositive=121,230,243
ForegroundVisited=197,116,221

[Colors:Selection]
BackgroundAlternate=90,222,205
BackgroundNormal=90,222,205
DecorationFocus=90,222,205
DecorationHover=90,222,205
ForegroundActive=90,222,205
ForegroundInactive=40,42,54
ForegroundLink=136,151,244
ForegroundNegative=121,63,75
ForegroundNeutral=206,206,211
ForegroundNormal=40,42,54
ForegroundPositive=121,230,243
ForegroundVisited=197,116,221

[Colors:Tooltip]
BackgroundAlternate=29,31,40
BackgroundNormal=29,31,40
DecorationFocus=90,222,205
DecorationHover=90,222,205
ForegroundActive=90,222,205
ForegroundInactive=206,206,211
ForegroundLink=136,151,244
ForegroundNegative=121,63,75
ForegroundNeutral=206,206,211
ForegroundNormal=253,253,253
ForegroundPositive=121,230,243
ForegroundVisited=197,116,221

[Colors:View]
BackgroundAlternate=21,22,29
BackgroundNormal=43,45,58
DecorationFocus=90,222,205
DecorationHover=90,222,205
ForegroundActive=90,222,205
ForegroundInactive=206,206,211
ForegroundLink=136,151,244
ForegroundNegative=121,63,75
ForegroundNeutral=206,206,211
ForegroundNormal=253,253,253
ForegroundPositive=121,230,243
ForegroundVisited=197,116,221

[Colors:Window]
BackgroundAlternate=21,22,29
BackgroundNormal=43,45,58
DecorationFocus=90,222,205
DecorationHover=90,222,205
ForegroundActive=90,222,205
ForegroundInactive=206,206,211
ForegroundLink=136,151,244
ForegroundNegative=121,63,75
ForegroundNeutral=206,206,211
ForegroundNormal=253,253,253
ForegroundPositive=121,230,243
ForegroundVisited=197,116,221

[General]
ColorScheme=lovelace Green
Name=lovelace Green
shadeSortColumn=true

[KDE]
contrast=4

[WM]
activeBackground=43,45,58
activeBlend=43,45,58
activeForeground=253,253,253
inactiveBackground=21,22,29
inactiveBlend=21,22,29
inactiveForeground=206,206,211
