[ColorEffects:Disabled]
Color=56,56,56
ColorAmount=0
ColorEffect=0
ContrastAmount=0.65000000000000002
ContrastEffect=1
IntensityAmount=0.10000000000000001
IntensityEffect=2

[ColorEffects:Inactive]
ChangeSelectionColor=true
Color=112,111,110
ColorAmount=0.025000000000000001
ColorEffect=2
ContrastAmount=0.10000000000000001
ContrastEffect=2
Enable=false
IntensityAmount=0
IntensityEffect=0


[Colors:Button]
BackgroundAlternate=42,30,29
BackgroundNormal=42,30,29
DecorationFocus=107,160,138
DecorationHover=107,160,138
ForegroundActive=107,160,138
ForegroundInactive=205,190,155
ForegroundLink=90,134,172
ForegroundNegative=95,22,19
ForegroundNeutral=205,190,155
ForegroundNormal=223,218,183
ForegroundPositive=116,165,172
ForegroundVisited=171,128,166

[Colors:Selection]
BackgroundAlternate=107,160,138
BackgroundNormal=107,160,138
DecorationFocus=107,160,138
DecorationHover=107,160,138
ForegroundActive=107,160,138
ForegroundInactive=87,61,37
ForegroundLink=90,134,172
ForegroundNegative=95,22,19
ForegroundNeutral=205,190,155
ForegroundNormal=87,61,37
ForegroundPositive=116,165,172
ForegroundVisited=171,128,166

[Colors:Tooltip]
BackgroundAlternate=42,30,29
BackgroundNormal=42,30,29
DecorationFocus=107,160,138
DecorationHover=107,160,138
ForegroundActive=107,160,138
ForegroundInactive=205,190,155
ForegroundLink=90,134,172
ForegroundNegative=95,22,19
ForegroundNeutral=205,190,155
ForegroundNormal=223,218,183
ForegroundPositive=116,165,172
ForegroundVisited=171,128,166

[Colors:View]
BackgroundAlternate=51,35,24
BackgroundNormal=102,71,48
DecorationFocus=107,160,138
DecorationHover=107,160,138
ForegroundActive=107,160,138
ForegroundInactive=205,190,155
ForegroundLink=90,134,172
ForegroundNegative=95,22,19
ForegroundNeutral=205,190,155
ForegroundNormal=223,218,183
ForegroundPositive=116,165,172
ForegroundVisited=171,128,166

[Colors:Window]
BackgroundAlternate=51,35,24
BackgroundNormal=102,71,48
DecorationFocus=107,160,138
DecorationHover=107,160,138
ForegroundActive=107,160,138
ForegroundInactive=205,190,155
ForegroundLink=90,134,172
ForegroundNegative=95,22,19
ForegroundNeutral=205,190,155
ForegroundNormal=223,218,183
ForegroundPositive=116,165,172
ForegroundVisited=171,128,166

[General]
ColorScheme=BirdsOfParadise Green
Name=BirdsOfParadise Green
shadeSortColumn=true

[KDE]
contrast=4

[WM]
activeBackground=102,71,48
activeBlend=102,71,48
activeForeground=223,218,183
inactiveBackground=51,35,24
inactiveBlend=51,35,24
inactiveForeground=205,190,155
