[ColorEffects:Disabled]
Color=56,56,56
ColorAmount=0
ColorEffect=0
ContrastAmount=0.65000000000000002
ContrastEffect=1
IntensityAmount=0.10000000000000001
IntensityEffect=2

[ColorEffects:Inactive]
ChangeSelectionColor=true
Color=112,111,110
ColorAmount=0.025000000000000001
ColorEffect=2
ContrastAmount=0.10000000000000001
ContrastEffect=2
Enable=false
IntensityAmount=0
IntensityEffect=0


[Colors:Button]
BackgroundAlternate=0,0,164
BackgroundNormal=0,0,164
DecorationFocus=150,202,253
DecorationHover=150,202,253
ForegroundActive=167,255,96
ForegroundInactive=209,209,209
ForegroundLink=150,202,253
ForegroundNegative=127,53,48
ForegroundNeutral=209,209,209
ForegroundNormal=238,238,238
ForegroundPositive=198,196,253
ForegroundVisited=255,115,253

[Colors:Selection]
BackgroundAlternate=150,202,253
BackgroundNormal=150,202,253
DecorationFocus=150,202,253
DecorationHover=150,202,253
ForegroundActive=167,255,96
ForegroundInactive=78,78,78
ForegroundLink=150,202,253
ForegroundNegative=127,53,48
ForegroundNeutral=209,209,209
ForegroundNormal=78,78,78
ForegroundPositive=198,196,253
ForegroundVisited=255,115,253

[Colors:Tooltip]
BackgroundAlternate=0,0,164
BackgroundNormal=0,0,164
DecorationFocus=150,202,253
DecorationHover=150,202,253
ForegroundActive=167,255,96
ForegroundInactive=209,209,209
ForegroundLink=150,202,253
ForegroundNegative=127,53,48
ForegroundNeutral=209,209,209
ForegroundNormal=238,238,238
ForegroundPositive=198,196,253
ForegroundVisited=255,115,253

[Colors:View]
BackgroundAlternate=41,41,41
BackgroundNormal=82,82,82
DecorationFocus=150,202,253
DecorationHover=150,202,253
ForegroundActive=167,255,96
ForegroundInactive=209,209,209
ForegroundLink=150,202,253
ForegroundNegative=127,53,48
ForegroundNeutral=209,209,209
ForegroundNormal=238,238,238
ForegroundPositive=198,196,253
ForegroundVisited=255,115,253

[Colors:Window]
BackgroundAlternate=41,41,41
BackgroundNormal=82,82,82
DecorationFocus=150,202,253
DecorationHover=150,202,253
ForegroundActive=167,255,96
ForegroundInactive=209,209,209
ForegroundLink=150,202,253
ForegroundNegative=127,53,48
ForegroundNeutral=209,209,209
ForegroundNormal=238,238,238
ForegroundPositive=198,196,253
ForegroundVisited=255,115,253

[General]
ColorScheme=Borland Blue
Name=Borland Blue
shadeSortColumn=true

[KDE]
contrast=4

[WM]
activeBackground=82,82,82
activeBlend=82,82,82
activeForeground=238,238,238
inactiveBackground=41,41,41
inactiveBlend=41,41,41
inactiveForeground=209,209,209
