[ColorEffects:Disabled]
Color=56,56,56
ColorAmount=0
ColorEffect=0
ContrastAmount=0.65000000000000002
ContrastEffect=1
IntensityAmount=0.10000000000000001
IntensityEffect=2

[ColorEffects:Inactive]
ChangeSelectionColor=true
Color=112,111,110
ColorAmount=0.025000000000000001
ColorEffect=2
ContrastAmount=0.10000000000000001
ContrastEffect=2
Enable=false
IntensityAmount=0
IntensityEffect=0


[Colors:Button]
BackgroundAlternate=40,47,50
BackgroundNormal=40,47,50
DecorationFocus=46,120,193
DecorationHover=46,120,193
ForegroundActive=237,183,171
ForegroundInactive=177,177,163
ForegroundLink=46,120,193
ForegroundNegative=101,14,22
ForegroundNeutral=177,177,163
ForegroundNormal=233,226,205
ForegroundPositive=48,145,133
ForegroundVisited=192,34,110

[Colors:Selection]
BackgroundAlternate=46,120,193
BackgroundNormal=46,120,193
DecorationFocus=46,120,193
DecorationHover=46,120,193
ForegroundActive=237,183,171
ForegroundInactive=40,47,50
ForegroundLink=46,120,193
ForegroundNegative=101,14,22
ForegroundNeutral=177,177,163
ForegroundNormal=40,47,50
ForegroundPositive=48,145,133
ForegroundVisited=192,34,110

[Colors:Tooltip]
BackgroundAlternate=40,47,50
BackgroundNormal=40,47,50
DecorationFocus=46,120,193
DecorationHover=46,120,193
ForegroundActive=237,183,171
ForegroundInactive=177,177,163
ForegroundLink=46,120,193
ForegroundNegative=101,14,22
ForegroundNeutral=177,177,163
ForegroundNormal=233,226,205
ForegroundPositive=48,145,133
ForegroundVisited=192,34,110

[Colors:View]
BackgroundAlternate=3,10,13
BackgroundNormal=6,21,26
DecorationFocus=46,120,193
DecorationHover=46,120,193
ForegroundActive=237,183,171
ForegroundInactive=177,177,163
ForegroundLink=46,120,193
ForegroundNegative=101,14,22
ForegroundNeutral=177,177,163
ForegroundNormal=233,226,205
ForegroundPositive=48,145,133
ForegroundVisited=192,34,110

[Colors:Window]
BackgroundAlternate=3,10,13
BackgroundNormal=6,21,26
DecorationFocus=46,120,193
DecorationHover=46,120,193
ForegroundActive=237,183,171
ForegroundInactive=177,177,163
ForegroundLink=46,120,193
ForegroundNegative=101,14,22
ForegroundNeutral=177,177,163
ForegroundNormal=233,226,205
ForegroundPositive=48,145,133
ForegroundVisited=192,34,110

[General]
ColorScheme=Fideloper Blue
Name=Fideloper Blue
shadeSortColumn=true

[KDE]
contrast=4

[WM]
activeBackground=6,21,26
activeBlend=6,21,26
activeForeground=233,226,205
inactiveBackground=3,10,13
inactiveBlend=3,10,13
inactiveForeground=177,177,163
