[ColorEffects:Disabled]
Color=56,56,56
ColorAmount=0
ColorEffect=0
ContrastAmount=0.65000000000000002
ContrastEffect=1
IntensityAmount=0.10000000000000001
IntensityEffect=2

[ColorEffects:Inactive]
ChangeSelectionColor=true
Color=112,111,110
ColorAmount=0.025000000000000001
ColorEffect=2
ContrastAmount=0.10000000000000001
ContrastEffect=2
Enable=false
IntensityAmount=0
IntensityEffect=0


[Colors:Button]
BackgroundAlternate=27,27,27
BackgroundNormal=27,27,27
DecorationFocus=98,163,196
DecorationHover=98,163,196
ForegroundActive=125,169,0
ForegroundInactive=150,150,150
ForegroundLink=98,163,196
ForegroundNegative=91,32,24
ForegroundNeutral=150,150,150
ForegroundNormal=160,160,160
ForegroundPositive=32,115,131
ForegroundVisited=185,138,204

[Colors:Selection]
BackgroundAlternate=98,163,196
BackgroundNormal=98,163,196
DecorationFocus=98,163,196
DecorationHover=98,163,196
ForegroundActive=125,169,0
ForegroundInactive=0,0,0
ForegroundLink=98,163,196
ForegroundNegative=91,32,24
ForegroundNeutral=150,150,150
ForegroundNormal=0,0,0
ForegroundPositive=32,115,131
ForegroundVisited=185,138,204

[Colors:Tooltip]
BackgroundAlternate=27,27,27
BackgroundNormal=27,27,27
DecorationFocus=98,163,196
DecorationHover=98,163,196
ForegroundActive=125,169,0
ForegroundInactive=150,150,150
ForegroundLink=98,163,196
ForegroundNegative=91,32,24
ForegroundNeutral=150,150,150
ForegroundNormal=160,160,160
ForegroundPositive=32,115,131
ForegroundVisited=185,138,204

[Colors:View]
BackgroundAlternate=40,40,40
BackgroundNormal=81,81,81
DecorationFocus=98,163,196
DecorationHover=98,163,196
ForegroundActive=125,169,0
ForegroundInactive=150,150,150
ForegroundLink=98,163,196
ForegroundNegative=91,32,24
ForegroundNeutral=150,150,150
ForegroundNormal=160,160,160
ForegroundPositive=32,115,131
ForegroundVisited=185,138,204

[Colors:Window]
BackgroundAlternate=40,40,40
BackgroundNormal=81,81,81
DecorationFocus=98,163,196
DecorationHover=98,163,196
ForegroundActive=125,169,0
ForegroundInactive=150,150,150
ForegroundLink=98,163,196
ForegroundNegative=91,32,24
ForegroundNeutral=150,150,150
ForegroundNormal=160,160,160
ForegroundPositive=32,115,131
ForegroundVisited=185,138,204

[General]
ColorScheme=Smyck Blue
Name=Smyck Blue
shadeSortColumn=true

[KDE]
contrast=4

[WM]
activeBackground=81,81,81
activeBlend=81,81,81
activeForeground=160,160,160
inactiveBackground=40,40,40
inactiveBlend=40,40,40
inactiveForeground=150,150,150
