[ColorEffects:Disabled]
Color=56,56,56
ColorAmount=0
ColorEffect=0
ContrastAmount=0.65000000000000002
ContrastEffect=1
IntensityAmount=0.10000000000000001
IntensityEffect=2

[ColorEffects:Inactive]
ChangeSelectionColor=true
Color=112,111,110
ColorAmount=0.025000000000000001
ColorEffect=2
ContrastAmount=0.10000000000000001
ContrastEffect=2
Enable=false
IntensityAmount=0
IntensityEffect=0


[Colors:Button]
BackgroundAlternate=34,36,54
BackgroundNormal=34,36,54
DecorationFocus=82,95,184
DecorationHover=82,95,184
ForegroundActive=171,241,87
ForegroundInactive=204,201,201
ForegroundLink=82,95,184
ForegroundNegative=99,0,36
ForegroundNeutral=204,201,201
ForegroundNormal=236,239,252
ForegroundPositive=150,134,98
ForegroundVisited=151,111,129

[Colors:Selection]
BackgroundAlternate=82,95,184
BackgroundNormal=82,95,184
DecorationFocus=82,95,184
DecorationHover=82,95,184
ForegroundActive=171,241,87
ForegroundInactive=3,6,60
ForegroundLink=82,95,184
ForegroundNegative=99,0,36
ForegroundNeutral=204,201,201
ForegroundNormal=3,6,60
ForegroundPositive=150,134,98
ForegroundVisited=151,111,129

[Colors:Tooltip]
BackgroundAlternate=34,36,54
BackgroundNormal=34,36,54
DecorationFocus=82,95,184
DecorationHover=82,95,184
ForegroundActive=171,241,87
ForegroundInactive=204,201,201
ForegroundLink=82,95,184
ForegroundNegative=99,0,36
ForegroundNeutral=204,201,201
ForegroundNormal=236,239,252
ForegroundPositive=150,134,98
ForegroundVisited=151,111,129

[Colors:View]
BackgroundAlternate=36,30,16
BackgroundNormal=72,60,32
DecorationFocus=82,95,184
DecorationHover=82,95,184
ForegroundActive=171,241,87
ForegroundInactive=204,201,201
ForegroundLink=82,95,184
ForegroundNegative=99,0,36
ForegroundNeutral=204,201,201
ForegroundNormal=236,239,252
ForegroundPositive=150,134,98
ForegroundVisited=151,111,129

[Colors:Window]
BackgroundAlternate=36,30,16
BackgroundNormal=72,60,32
DecorationFocus=82,95,184
DecorationHover=82,95,184
ForegroundActive=171,241,87
ForegroundInactive=204,201,201
ForegroundLink=82,95,184
ForegroundNegative=99,0,36
ForegroundNeutral=204,201,201
ForegroundNormal=236,239,252
ForegroundPositive=150,134,98
ForegroundVisited=151,111,129

[General]
ColorScheme=FishTank Blue
Name=FishTank Blue
shadeSortColumn=true

[KDE]
contrast=4

[WM]
activeBackground=72,60,32
activeBlend=72,60,32
activeForeground=236,239,252
inactiveBackground=36,30,16
inactiveBlend=36,30,16
inactiveForeground=204,201,201
