[ColorEffects:Disabled]
Color=56,56,56
ColorAmount=0
ColorEffect=0
ContrastAmount=0.65000000000000002
ContrastEffect=1
IntensityAmount=0.10000000000000001
IntensityEffect=2

[ColorEffects:Inactive]
ChangeSelectionColor=true
Color=112,111,110
ColorAmount=0.025000000000000001
ColorEffect=2
ContrastAmount=0.10000000000000001
ContrastEffect=2
Enable=false
IntensityAmount=0
IntensityEffect=0


[Colors:Button]
BackgroundAlternate=32,32,32
BackgroundNormal=32,32,32
DecorationFocus=67,126,230
DecorationHover=67,126,230
ForegroundActive=152,182,27
ForegroundInactive=81,81,81
ForegroundLink=67,126,230
ForegroundNegative=125,41,42
ForegroundNeutral=81,81,81
ForegroundNormal=23,23,23
ForegroundPositive=36,136,134
ForegroundVisited=157,115,176

[Colors:Selection]
BackgroundAlternate=67,126,230
BackgroundNormal=67,126,230
DecorationFocus=67,126,230
DecorationHover=67,126,230
ForegroundActive=152,182,27
ForegroundInactive=172,172,172
ForegroundLink=67,126,230
ForegroundNegative=125,41,42
ForegroundNeutral=81,81,81
ForegroundNormal=172,172,172
ForegroundPositive=36,136,134
ForegroundVisited=157,115,176

[Colors:Tooltip]
BackgroundAlternate=32,32,32
BackgroundNormal=32,32,32
DecorationFocus=67,126,230
DecorationHover=67,126,230
ForegroundActive=152,182,27
ForegroundInactive=81,81,81
ForegroundLink=67,126,230
ForegroundNegative=125,41,42
ForegroundNeutral=81,81,81
ForegroundNormal=23,23,23
ForegroundPositive=36,136,134
ForegroundVisited=157,115,176

[Colors:View]
BackgroundAlternate=85,84,84
BackgroundNormal=170,169,169
DecorationFocus=67,126,230
DecorationHover=67,126,230
ForegroundActive=152,182,27
ForegroundInactive=81,81,81
ForegroundLink=67,126,230
ForegroundNegative=125,41,42
ForegroundNeutral=81,81,81
ForegroundNormal=23,23,23
ForegroundPositive=36,136,134
ForegroundVisited=157,115,176

[Colors:Window]
BackgroundAlternate=85,84,84
BackgroundNormal=170,169,169
DecorationFocus=67,126,230
DecorationHover=67,126,230
ForegroundActive=152,182,27
ForegroundInactive=81,81,81
ForegroundLink=67,126,230
ForegroundNegative=125,41,42
ForegroundNeutral=81,81,81
ForegroundNormal=23,23,23
ForegroundPositive=36,136,134
ForegroundVisited=157,115,176

[General]
ColorScheme=idea Blue
Name=idea Blue
shadeSortColumn=true

[KDE]
contrast=4

[WM]
activeBackground=170,169,169
activeBlend=170,169,169
activeForeground=23,23,23
inactiveBackground=85,84,84
inactiveBlend=85,84,84
inactiveForeground=81,81,81
