[ColorEffects:Disabled]
Color=56,56,56
ColorAmount=0
ColorEffect=0
ContrastAmount=0.65000000000000002
ContrastEffect=1
IntensityAmount=0.10000000000000001
IntensityEffect=2

[ColorEffects:Inactive]
ChangeSelectionColor=true
Color=112,111,110
ColorAmount=0.025000000000000001
ColorEffect=2
ContrastAmount=0.10000000000000001
ContrastEffect=2
Enable=false
IntensityAmount=0
IntensityEffect=0


[Colors:Button]
BackgroundAlternate=13,25,38
BackgroundNormal=13,25,38
DecorationFocus=122,122,184
DecorationHover=122,122,184
ForegroundActive=122,184,122
ForegroundInactive=172,172,172
ForegroundLink=122,122,184
ForegroundNegative=92,61,61
ForegroundNeutral=172,172,172
ForegroundNormal=217,217,217
ForegroundPositive=122,184,184
ForegroundVisited=184,122,184

[Colors:Selection]
BackgroundAlternate=122,122,184
BackgroundNormal=122,122,184
DecorationFocus=122,122,184
DecorationHover=122,122,184
ForegroundActive=122,184,122
ForegroundInactive=0,0,0
ForegroundLink=122,122,184
ForegroundNegative=92,61,61
ForegroundNeutral=172,172,172
ForegroundNormal=0,0,0
ForegroundPositive=122,184,184
ForegroundVisited=184,122,184

[Colors:Tooltip]
BackgroundAlternate=13,25,38
BackgroundNormal=13,25,38
DecorationFocus=122,122,184
DecorationHover=122,122,184
ForegroundActive=122,184,122
ForegroundInactive=172,172,172
ForegroundLink=122,122,184
ForegroundNegative=92,61,61
ForegroundNeutral=172,172,172
ForegroundNormal=217,217,217
ForegroundPositive=122,184,184
ForegroundVisited=184,122,184

[Colors:View]
BackgroundAlternate=12,12,12
BackgroundNormal=25,25,25
DecorationFocus=122,122,184
DecorationHover=122,122,184
ForegroundActive=122,184,122
ForegroundInactive=172,172,172
ForegroundLink=122,122,184
ForegroundNegative=92,61,61
ForegroundNeutral=172,172,172
ForegroundNormal=217,217,217
ForegroundPositive=122,184,184
ForegroundVisited=184,122,184

[Colors:Window]
BackgroundAlternate=12,12,12
BackgroundNormal=25,25,25
DecorationFocus=122,122,184
DecorationHover=122,122,184
ForegroundActive=122,184,122
ForegroundInactive=172,172,172
ForegroundLink=122,122,184
ForegroundNegative=92,61,61
ForegroundNeutral=172,172,172
ForegroundNormal=217,217,217
ForegroundPositive=122,184,184
ForegroundVisited=184,122,184

[General]
ColorScheme=Blazer Blue
Name=Blazer Blue
shadeSortColumn=true

[KDE]
contrast=4

[WM]
activeBackground=25,25,25
activeBlend=25,25,25
activeForeground=217,217,217
inactiveBackground=12,12,12
inactiveBlend=12,12,12
inactiveForeground=172,172,172
