[ColorEffects:Disabled]
Color=56,56,56
ColorAmount=0
ColorEffect=0
ContrastAmount=0.65000000000000002
ContrastEffect=1
IntensityAmount=0.10000000000000001
IntensityEffect=2

[ColorEffects:Inactive]
ChangeSelectionColor=true
Color=112,111,110
ColorAmount=0.025000000000000001
ColorEffect=2
ContrastAmount=0.10000000000000001
ContrastEffect=2
Enable=false
IntensityAmount=0
IntensityEffect=0


[Colors:Button]
BackgroundAlternate=0,34,64
BackgroundNormal=0,34,64
DecorationFocus=49,103,172
DecorationHover=49,103,172
ForegroundActive=50,165,72
ForegroundInactive=140,147,154
ForegroundLink=49,103,172
ForegroundNegative=84,17,16
ForegroundNeutral=140,147,154
ForegroundNormal=176,182,186
ForegroundPositive=44,147,112
ForegroundVisited=120,26,160

[Colors:Selection]
BackgroundAlternate=49,103,172
BackgroundNormal=49,103,172
DecorationFocus=49,103,172
DecorationHover=49,103,172
ForegroundActive=50,165,72
ForegroundInactive=34,45,63
ForegroundLink=49,103,172
ForegroundNegative=84,17,16
ForegroundNeutral=140,147,154
ForegroundNormal=34,45,63
ForegroundPositive=44,147,112
ForegroundVisited=120,26,160

[Colors:Tooltip]
BackgroundAlternate=0,34,64
BackgroundNormal=0,34,64
DecorationFocus=49,103,172
DecorationHover=49,103,172
ForegroundActive=50,165,72
ForegroundInactive=140,147,154
ForegroundLink=49,103,172
ForegroundNegative=84,17,16
ForegroundNeutral=140,147,154
ForegroundNormal=176,182,186
ForegroundPositive=44,147,112
ForegroundVisited=120,26,160

[Colors:View]
BackgroundAlternate=11,14,20
BackgroundNormal=22,29,40
DecorationFocus=49,103,172
DecorationHover=49,103,172
ForegroundActive=50,165,72
ForegroundInactive=140,147,154
ForegroundLink=49,103,172
ForegroundNegative=84,17,16
ForegroundNeutral=140,147,154
ForegroundNormal=176,182,186
ForegroundPositive=44,147,112
ForegroundVisited=120,26,160

[Colors:Window]
BackgroundAlternate=11,14,20
BackgroundNormal=22,29,40
DecorationFocus=49,103,172
DecorationHover=49,103,172
ForegroundActive=50,165,72
ForegroundInactive=140,147,154
ForegroundLink=49,103,172
ForegroundNegative=84,17,16
ForegroundNeutral=140,147,154
ForegroundNormal=176,182,186
ForegroundPositive=44,147,112
ForegroundVisited=120,26,160

[General]
ColorScheme=Flat Blue
Name=Flat Blue
shadeSortColumn=true

[KDE]
contrast=4

[WM]
activeBackground=22,29,40
activeBlend=22,29,40
activeForeground=176,182,186
inactiveBackground=11,14,20
inactiveBlend=11,14,20
inactiveForeground=140,147,154
