[ColorEffects:Disabled]
Color=56,56,56
ColorAmount=0
ColorEffect=0
ContrastAmount=0.65000000000000002
ContrastEffect=1
IntensityAmount=0.10000000000000001
IntensityEffect=2

[ColorEffects:Inactive]
ChangeSelectionColor=true
Color=112,111,110
ColorAmount=0.025000000000000001
ColorEffect=2
ContrastAmount=0.10000000000000001
ContrastEffect=2
Enable=false
IntensityAmount=0
IntensityEffect=0


[Colors:Button]
BackgroundAlternate=30,30,30
BackgroundNormal=30,30,30
DecorationFocus=78,118,161
DecorationHover=78,118,161
ForegroundActive=134,154,58
ForegroundInactive=172,175,172
ForegroundLink=78,118,161
ForegroundNegative=95,31,36
ForegroundNeutral=172,175,172
ForegroundNormal=184,188,185
ForegroundPositive=86,142,163
ForegroundVisited=133,91,141

[Colors:Selection]
BackgroundAlternate=78,118,161
BackgroundNormal=78,118,161
DecorationFocus=78,118,161
DecorationHover=78,118,161
ForegroundActive=134,154,58
ForegroundInactive=58,60,67
ForegroundLink=78,118,161
ForegroundNegative=95,31,36
ForegroundNeutral=172,175,172
ForegroundNormal=58,60,67
ForegroundPositive=86,142,163
ForegroundVisited=133,91,141

[Colors:Tooltip]
BackgroundAlternate=30,30,30
BackgroundNormal=30,30,30
DecorationFocus=78,118,161
DecorationHover=78,118,161
ForegroundActive=134,154,58
ForegroundInactive=172,175,172
ForegroundLink=78,118,161
ForegroundNegative=95,31,36
ForegroundNeutral=172,175,172
ForegroundNormal=184,188,185
ForegroundPositive=86,142,163
ForegroundVisited=133,91,141

[Colors:View]
BackgroundAlternate=45,45,45
BackgroundNormal=90,91,90
DecorationFocus=78,118,161
DecorationHover=78,118,161
ForegroundActive=134,154,58
ForegroundInactive=172,175,172
ForegroundLink=78,118,161
ForegroundNegative=95,31,36
ForegroundNeutral=172,175,172
ForegroundNormal=184,188,185
ForegroundPositive=86,142,163
ForegroundVisited=133,91,141

[Colors:Window]
BackgroundAlternate=45,45,45
BackgroundNormal=90,91,90
DecorationFocus=78,118,161
DecorationHover=78,118,161
ForegroundActive=134,154,58
ForegroundInactive=172,175,172
ForegroundLink=78,118,161
ForegroundNegative=95,31,36
ForegroundNeutral=172,175,172
ForegroundNormal=184,188,185
ForegroundPositive=86,142,163
ForegroundVisited=133,91,141

[General]
ColorScheme=DimmedMonokai Blue
Name=DimmedMonokai Blue
shadeSortColumn=true

[KDE]
contrast=4

[WM]
activeBackground=90,91,90
activeBlend=90,91,90
activeForeground=184,188,185
inactiveBackground=45,45,45
inactiveBlend=45,45,45
inactiveForeground=172,175,172
