[ColorEffects:Disabled]
Color=56,56,56
ColorAmount=0
ColorEffect=0
ContrastAmount=0.65000000000000002
ContrastEffect=1
IntensityAmount=0.10000000000000001
IntensityEffect=2

[ColorEffects:Inactive]
ChangeSelectionColor=true
Color=112,111,110
ColorAmount=0.025000000000000001
ColorEffect=2
ContrastAmount=0.10000000000000001
ContrastEffect=2
Enable=false
IntensityAmount=0
IntensityEffect=0


[Colors:Button]
BackgroundAlternate=21,17,68
BackgroundNormal=21,17,68
DecorationFocus=0,113,207
DecorationHover=0,113,207
ForegroundActive=0,193,114
ForegroundInactive=192,192,192
ForegroundLink=0,113,207
ForegroundNegative=127,65,57
ForegroundNeutral=192,192,192
ForegroundNormal=241,241,241
ForegroundPositive=107,255,220
ForegroundVisited=255,143,253

[Colors:Selection]
BackgroundAlternate=0,113,207
BackgroundNormal=0,113,207
DecorationFocus=0,113,207
DecorationHover=0,113,207
ForegroundActive=0,193,114
ForegroundInactive=8,8,8
ForegroundLink=0,113,207
ForegroundNegative=127,65,57
ForegroundNeutral=192,192,192
ForegroundNormal=8,8,8
ForegroundPositive=107,255,220
ForegroundVisited=255,143,253

[Colors:Tooltip]
BackgroundAlternate=21,17,68
BackgroundNormal=21,17,68
DecorationFocus=0,113,207
DecorationHover=0,113,207
ForegroundActive=0,193,114
ForegroundInactive=192,192,192
ForegroundLink=0,113,207
ForegroundNegative=127,65,57
ForegroundNeutral=192,192,192
ForegroundNormal=241,241,241
ForegroundPositive=107,255,220
ForegroundVisited=255,143,253

[Colors:View]
BackgroundAlternate=15,15,15
BackgroundNormal=30,30,30
DecorationFocus=0,113,207
DecorationHover=0,113,207
ForegroundActive=0,193,114
ForegroundInactive=192,192,192
ForegroundLink=0,113,207
ForegroundNegative=127,65,57
ForegroundNeutral=192,192,192
ForegroundNormal=241,241,241
ForegroundPositive=107,255,220
ForegroundVisited=255,143,253

[Colors:Window]
BackgroundAlternate=15,15,15
BackgroundNormal=30,30,30
DecorationFocus=0,113,207
DecorationHover=0,113,207
ForegroundActive=0,193,114
ForegroundInactive=192,192,192
ForegroundLink=0,113,207
ForegroundNegative=127,65,57
ForegroundNeutral=192,192,192
ForegroundNormal=241,241,241
ForegroundPositive=107,255,220
ForegroundVisited=255,143,253

[General]
ColorScheme=Cyberdyne Blue
Name=Cyberdyne Blue
shadeSortColumn=true

[KDE]
contrast=4

[WM]
activeBackground=30,30,30
activeBlend=30,30,30
activeForeground=241,241,241
inactiveBackground=15,15,15
inactiveBlend=15,15,15
inactiveForeground=192,192,192
