[ColorEffects:Disabled]
Color=56,56,56
ColorAmount=0
ColorEffect=0
ContrastAmount=0.65000000000000002
ContrastEffect=1
IntensityAmount=0.10000000000000001
IntensityEffect=2

[ColorEffects:Inactive]
ChangeSelectionColor=true
Color=112,111,110
ColorAmount=0.025000000000000001
ColorEffect=2
ContrastAmount=0.10000000000000001
ContrastEffect=2
Enable=false
IntensityAmount=0
IntensityEffect=0


[Colors:Button]
BackgroundAlternate=43,44,46
BackgroundNormal=43,44,46
DecorationFocus=42,127,172
DecorationHover=42,127,172
ForegroundActive=120,154,105
ForegroundInactive=191,196,196
ForegroundLink=42,127,172
ForegroundNegative=89,29,40
ForegroundNeutral=191,196,196
ForegroundNormal=210,216,217
ForegroundPositive=68,167,153
ForegroundVisited=188,79,90

[Colors:Selection]
BackgroundAlternate=42,127,172
BackgroundNormal=42,127,172
DecorationFocus=42,127,172
DecorationHover=42,127,172
ForegroundActive=120,154,105
ForegroundInactive=124,138,143
ForegroundLink=42,127,172
ForegroundNegative=89,29,40
ForegroundNeutral=191,196,196
ForegroundNormal=124,138,143
ForegroundPositive=68,167,153
ForegroundVisited=188,79,90

[Colors:Tooltip]
BackgroundAlternate=43,44,46
BackgroundNormal=43,44,46
DecorationFocus=42,127,172
DecorationHover=42,127,172
ForegroundActive=120,154,105
ForegroundInactive=191,196,196
ForegroundLink=42,127,172
ForegroundNegative=89,29,40
ForegroundNeutral=191,196,196
ForegroundNormal=210,216,217
ForegroundPositive=68,167,153
ForegroundVisited=188,79,90

[Colors:View]
BackgroundAlternate=45,45,45
BackgroundNormal=90,90,90
DecorationFocus=42,127,172
DecorationHover=42,127,172
ForegroundActive=120,154,105
ForegroundInactive=191,196,196
ForegroundLink=42,127,172
ForegroundNegative=89,29,40
ForegroundNeutral=191,196,196
ForegroundNormal=210,216,217
ForegroundPositive=68,167,153
ForegroundVisited=188,79,90

[Colors:Window]
BackgroundAlternate=45,45,45
BackgroundNormal=90,90,90
DecorationFocus=42,127,172
DecorationHover=42,127,172
ForegroundActive=120,154,105
ForegroundInactive=191,196,196
ForegroundLink=42,127,172
ForegroundNegative=89,29,40
ForegroundNeutral=191,196,196
ForegroundNormal=210,216,217
ForegroundPositive=68,167,153
ForegroundVisited=188,79,90

[General]
ColorScheme=Chalk Blue
Name=Chalk Blue
shadeSortColumn=true

[KDE]
contrast=4

[WM]
activeBackground=90,90,90
activeBlend=90,90,90
activeForeground=210,216,217
inactiveBackground=45,45,45
inactiveBlend=45,45,45
inactiveForeground=191,196,196
