[ColorEffects:Disabled]
Color=56,56,56
ColorAmount=0
ColorEffect=0
ContrastAmount=0.65000000000000002
ContrastEffect=1
IntensityAmount=0.10000000000000001
IntensityEffect=2

[ColorEffects:Inactive]
ChangeSelectionColor=true
Color=112,111,110
ColorAmount=0.025000000000000001
ColorEffect=2
ContrastAmount=0.10000000000000001
ContrastEffect=2
Enable=false
IntensityAmount=0
IntensityEffect=0


[Colors:Button]
BackgroundAlternate=33,33,33
BackgroundNormal=33,33,33
DecorationFocus=160,185,213
DecorationHover=160,185,213
ForegroundActive=175,186,102
ForegroundInactive=62,63,63
ForegroundLink=160,185,213
ForegroundNegative=105,45,47
ForegroundNeutral=62,63,63
ForegroundNormal=59,60,60
ForegroundPositive=145,190,182
ForegroundVisited=191,146,213

[Colors:Selection]
BackgroundAlternate=160,185,213
BackgroundNormal=160,185,213
DecorationFocus=160,185,213
DecorationHover=160,185,213
ForegroundActive=175,186,102
ForegroundInactive=43,43,43
ForegroundLink=160,185,213
ForegroundNegative=105,45,47
ForegroundNeutral=62,63,63
ForegroundNormal=43,43,43
ForegroundPositive=145,190,182
ForegroundVisited=191,146,213

[Colors:Tooltip]
BackgroundAlternate=33,33,33
BackgroundNormal=33,33,33
DecorationFocus=160,185,213
DecorationHover=160,185,213
ForegroundActive=175,186,102
ForegroundInactive=62,63,63
ForegroundLink=160,185,213
ForegroundNegative=105,45,47
ForegroundNeutral=62,63,63
ForegroundNormal=59,60,60
ForegroundPositive=145,190,182
ForegroundVisited=191,146,213

[Colors:View]
BackgroundAlternate=22,23,23
BackgroundNormal=45,47,47
DecorationFocus=160,185,213
DecorationHover=160,185,213
ForegroundActive=175,186,102
ForegroundInactive=62,63,63
ForegroundLink=160,185,213
ForegroundNegative=105,45,47
ForegroundNeutral=62,63,63
ForegroundNormal=59,60,60
ForegroundPositive=145,190,182
ForegroundVisited=191,146,213

[Colors:Window]
BackgroundAlternate=22,23,23
BackgroundNormal=45,47,47
DecorationFocus=160,185,213
DecorationHover=160,185,213
ForegroundActive=175,186,102
ForegroundInactive=62,63,63
ForegroundLink=160,185,213
ForegroundNegative=105,45,47
ForegroundNeutral=62,63,63
ForegroundNormal=59,60,60
ForegroundPositive=145,190,182
ForegroundVisited=191,146,213

[General]
ColorScheme=Later This Evening Blue
Name=Later This Evening Blue
shadeSortColumn=true

[KDE]
contrast=4

[WM]
activeBackground=45,47,47
activeBlend=45,47,47
activeForeground=59,60,60
inactiveBackground=22,23,23
inactiveBlend=22,23,23
inactiveForeground=62,63,63
