[ColorEffects:Disabled]
Color=56,56,56
ColorAmount=0
ColorEffect=0
ContrastAmount=0.65000000000000002
ContrastEffect=1
IntensityAmount=0.10000000000000001
IntensityEffect=2

[ColorEffects:Inactive]
ChangeSelectionColor=true
Color=112,111,110
ColorAmount=0.025000000000000001
ColorEffect=2
ContrastAmount=0.10000000000000001
ContrastEffect=2
Enable=false
IntensityAmount=0
IntensityEffect=0


[Colors:Button]
BackgroundAlternate=33,34,44
BackgroundNormal=33,34,44
DecorationFocus=189,147,249
DecorationHover=189,147,249
ForegroundActive=80,250,123
ForegroundInactive=233,233,244
ForegroundLink=189,147,249
ForegroundNegative=0,247,105
ForegroundNeutral=233,233,244
ForegroundNormal=248,248,242
ForegroundPositive=139,233,253
ForegroundVisited=255,121,198

[Colors:Selection]
BackgroundAlternate=189,147,249
BackgroundNormal=189,147,249
DecorationFocus=189,147,249
DecorationHover=189,147,249
ForegroundActive=80,250,123
ForegroundInactive=40,42,54
ForegroundLink=189,147,249
ForegroundNegative=0,247,105
ForegroundNeutral=233,233,244
ForegroundNormal=40,42,54
ForegroundPositive=139,233,253
ForegroundVisited=255,121,198

[Colors:Tooltip]
BackgroundAlternate=33,34,44
BackgroundNormal=33,34,44
DecorationFocus=189,147,249
DecorationHover=189,147,249
ForegroundActive=80,250,123
ForegroundInactive=233,233,244
ForegroundLink=189,147,249
ForegroundNegative=0,247,105
ForegroundNeutral=233,233,244
ForegroundNormal=248,248,242
ForegroundPositive=139,233,253
ForegroundVisited=255,121,198

[Colors:View]
BackgroundAlternate=27,27,35
BackgroundNormal=29,29,38
DecorationFocus=189,147,249
DecorationHover=189,147,249
ForegroundActive=80,250,123
ForegroundInactive=233,233,244
ForegroundLink=189,147,249
ForegroundNegative=0,247,105
ForegroundNeutral=233,233,244
ForegroundNormal=248,248,242
ForegroundPositive=139,233,253
ForegroundVisited=255,121,198

[Colors:Window]
BackgroundAlternate=27,27,35
BackgroundNormal=29,29,38
DecorationFocus=189,147,249
DecorationHover=189,147,249
ForegroundActive=80,250,123
ForegroundInactive=233,233,244
ForegroundLink=189,147,249
ForegroundNegative=0,247,105
ForegroundNeutral=233,233,244
ForegroundNormal=248,248,242
ForegroundPositive=139,233,253
ForegroundVisited=255,121,198

[General]
ColorScheme=Dracula24 Blue
Name=Dracula24 Blue
shadeSortColumn=true

[KDE]
contrast=4

[WM]
activeBackground=29,29,38
activeBlend=29,29,38
activeForeground=248,248,242
inactiveBackground=27,27,35
inactiveBlend=27,27,35
inactiveForeground=233,233,244
