[ColorEffects:Disabled]
Color=56,56,56
ColorAmount=0
ColorEffect=0
ContrastAmount=0.65000000000000002
ContrastEffect=1
IntensityAmount=0.10000000000000001
IntensityEffect=2

[ColorEffects:Inactive]
ChangeSelectionColor=true
Color=112,111,110
ColorAmount=0.025000000000000001
ColorEffect=2
ContrastAmount=0.10000000000000001
ContrastEffect=2
Enable=false
IntensityAmount=0
IntensityEffect=0


[Colors:Button]
BackgroundAlternate=14,16,17
BackgroundNormal=14,16,17
DecorationFocus=53,157,223
DecorationHover=53,157,223
ForegroundActive=94,184,60
ForegroundInactive=165,172,174
ForegroundLink=53,157,223
ForegroundNegative=115,28,41
ForegroundNeutral=165,172,174
ForegroundNormal=220,220,220
ForegroundPositive=75,115,162
ForegroundVisited=215,92,255

[Colors:Selection]
BackgroundAlternate=53,157,223
BackgroundNormal=53,157,223
DecorationFocus=53,157,223
DecorationHover=53,157,223
ForegroundActive=94,184,60
ForegroundInactive=0,39,49
ForegroundLink=53,157,223
ForegroundNegative=115,28,41
ForegroundNeutral=165,172,174
ForegroundNormal=0,39,49
ForegroundPositive=75,115,162
ForegroundVisited=215,92,255

[Colors:Tooltip]
BackgroundAlternate=14,16,17
BackgroundNormal=14,16,17
DecorationFocus=53,157,223
DecorationHover=53,157,223
ForegroundActive=94,184,60
ForegroundInactive=165,172,174
ForegroundLink=53,157,223
ForegroundNegative=115,28,41
ForegroundNeutral=165,172,174
ForegroundNormal=220,220,220
ForegroundPositive=75,115,162
ForegroundVisited=215,92,255

[Colors:View]
BackgroundAlternate=0,10,12
BackgroundNormal=0,20,25
DecorationFocus=53,157,223
DecorationHover=53,157,223
ForegroundActive=94,184,60
ForegroundInactive=165,172,174
ForegroundLink=53,157,223
ForegroundNegative=115,28,41
ForegroundNeutral=165,172,174
ForegroundNormal=220,220,220
ForegroundPositive=75,115,162
ForegroundVisited=215,92,255

[Colors:Window]
BackgroundAlternate=0,10,12
BackgroundNormal=0,20,25
DecorationFocus=53,157,223
DecorationHover=53,157,223
ForegroundActive=94,184,60
ForegroundInactive=165,172,174
ForegroundLink=53,157,223
ForegroundNegative=115,28,41
ForegroundNeutral=165,172,174
ForegroundNormal=220,220,220
ForegroundPositive=75,115,162
ForegroundVisited=215,92,255

[General]
ColorScheme=FirefoxDev Blue
Name=FirefoxDev Blue
shadeSortColumn=true

[KDE]
contrast=4

[WM]
activeBackground=0,20,25
activeBlend=0,20,25
activeForeground=220,220,220
inactiveBackground=0,10,12
inactiveBlend=0,10,12
inactiveForeground=165,172,174
