[ColorEffects:Disabled]
Color=56,56,56
ColorAmount=0
ColorEffect=0
ContrastAmount=0.65000000000000002
ContrastEffect=1
IntensityAmount=0.10000000000000001
IntensityEffect=2

[ColorEffects:Inactive]
ChangeSelectionColor=true
Color=112,111,110
ColorAmount=0.025000000000000001
ColorEffect=2
ContrastAmount=0.10000000000000001
ContrastEffect=2
Enable=false
IntensityAmount=0
IntensityEffect=0


[Colors:Button]
BackgroundAlternate=22,23,24
BackgroundNormal=22,23,24
DecorationFocus=109,144,176
DecorationHover=109,144,176
ForegroundActive=179,190,90
ForegroundInactive=143,145,144
ForegroundLink=109,144,176
ForegroundNegative=91,38,40
ForegroundNeutral=143,145,144
ForegroundNormal=181,184,182
ForegroundPositive=127,190,179
ForegroundVisited=160,126,171

[Colors:Selection]
BackgroundAlternate=109,144,176
BackgroundNormal=109,144,176
DecorationFocus=109,144,176
DecorationHover=109,144,176
ForegroundActive=179,190,90
ForegroundInactive=42,46,51
ForegroundLink=109,144,176
ForegroundNegative=91,38,40
ForegroundNeutral=143,145,144
ForegroundNormal=42,46,51
ForegroundPositive=127,190,179
ForegroundVisited=160,126,171

[Colors:Tooltip]
BackgroundAlternate=22,23,24
BackgroundNormal=22,23,24
DecorationFocus=109,144,176
DecorationHover=109,144,176
ForegroundActive=179,190,90
ForegroundInactive=143,145,144
ForegroundLink=109,144,176
ForegroundNegative=91,38,40
ForegroundNeutral=143,145,144
ForegroundNormal=181,184,182
ForegroundPositive=127,190,179
ForegroundVisited=160,126,171

[Colors:View]
BackgroundAlternate=9,10,11
BackgroundNormal=19,20,22
DecorationFocus=109,144,176
DecorationHover=109,144,176
ForegroundActive=179,190,90
ForegroundInactive=143,145,144
ForegroundLink=109,144,176
ForegroundNegative=91,38,40
ForegroundNeutral=143,145,144
ForegroundNormal=181,184,182
ForegroundPositive=127,190,179
ForegroundVisited=160,126,171

[Colors:Window]
BackgroundAlternate=9,10,11
BackgroundNormal=19,20,22
DecorationFocus=109,144,176
DecorationHover=109,144,176
ForegroundActive=179,190,90
ForegroundInactive=143,145,144
ForegroundLink=109,144,176
ForegroundNegative=91,38,40
ForegroundNeutral=143,145,144
ForegroundNormal=181,184,182
ForegroundPositive=127,190,179
ForegroundVisited=160,126,171

[General]
ColorScheme=Hybrid Blue
Name=Hybrid Blue
shadeSortColumn=true

[KDE]
contrast=4

[WM]
activeBackground=19,20,22
activeBlend=19,20,22
activeForeground=181,184,182
inactiveBackground=9,10,11
inactiveBlend=9,10,11
inactiveForeground=143,145,144
