[ColorEffects:Disabled]
Color=56,56,56
ColorAmount=0
ColorEffect=0
ContrastAmount=0.65000000000000002
ContrastEffect=1
IntensityAmount=0.10000000000000001
IntensityEffect=2

[ColorEffects:Inactive]
ChangeSelectionColor=true
Color=112,111,110
ColorAmount=0.025000000000000001
ColorEffect=2
ContrastAmount=0.10000000000000001
ContrastEffect=2
Enable=false
IntensityAmount=0
IntensityEffect=0


[Colors:Button]
BackgroundAlternate=16,16,16
BackgroundNormal=16,16,16
DecorationFocus=57,85,115
DecorationHover=57,85,115
ForegroundActive=40,115,115
ForegroundInactive=118,132,136
ForegroundLink=57,85,115
ForegroundNegative=70,35,50
ForegroundNeutral=118,132,136
ForegroundNormal=137,156,161
ForegroundPositive=49,101,140
ForegroundVisited=94,70,140

[Colors:Selection]
BackgroundAlternate=57,85,115
BackgroundNormal=57,85,115
DecorationFocus=57,85,115
DecorationHover=57,85,115
ForegroundActive=40,115,115
ForegroundInactive=51,51,51
ForegroundLink=57,85,115
ForegroundNegative=70,35,50
ForegroundNeutral=118,132,136
ForegroundNormal=51,51,51
ForegroundPositive=49,101,140
ForegroundVisited=94,70,140

[Colors:Tooltip]
BackgroundAlternate=16,16,16
BackgroundNormal=16,16,16
DecorationFocus=57,85,115
DecorationHover=57,85,115
ForegroundActive=40,115,115
ForegroundInactive=118,132,136
ForegroundLink=57,85,115
ForegroundNegative=70,35,50
ForegroundNeutral=118,132,136
ForegroundNormal=137,156,161
ForegroundPositive=49,101,140
ForegroundVisited=94,70,140

[Colors:View]
BackgroundAlternate=20,20,20
BackgroundNormal=40,40,40
DecorationFocus=57,85,115
DecorationHover=57,85,115
ForegroundActive=40,115,115
ForegroundInactive=118,132,136
ForegroundLink=57,85,115
ForegroundNegative=70,35,50
ForegroundNeutral=118,132,136
ForegroundNormal=137,156,161
ForegroundPositive=49,101,140
ForegroundVisited=94,70,140

[Colors:Window]
BackgroundAlternate=20,20,20
BackgroundNormal=40,40,40
DecorationFocus=57,85,115
DecorationHover=57,85,115
ForegroundActive=40,115,115
ForegroundInactive=118,132,136
ForegroundLink=57,85,115
ForegroundNegative=70,35,50
ForegroundNeutral=118,132,136
ForegroundNormal=137,156,161
ForegroundPositive=49,101,140
ForegroundVisited=94,70,140

[General]
ColorScheme=Wryan Blue
Name=Wryan Blue
shadeSortColumn=true

[KDE]
contrast=4

[WM]
activeBackground=40,40,40
activeBlend=40,40,40
activeForeground=137,156,161
inactiveBackground=20,20,20
inactiveBlend=20,20,20
inactiveForeground=118,132,136
