[ColorEffects:Disabled]
Color=56,56,56
ColorAmount=0
ColorEffect=0
ContrastAmount=0.65000000000000002
ContrastEffect=1
IntensityAmount=0.10000000000000001
IntensityEffect=2

[ColorEffects:Inactive]
ChangeSelectionColor=true
Color=112,111,110
ColorAmount=0.025000000000000001
ColorEffect=2
ContrastAmount=0.10000000000000001
ContrastEffect=2
Enable=false
IntensityAmount=0
IntensityEffect=0


[Colors:Button]
BackgroundAlternate=17,17,17
BackgroundNormal=17,17,17
DecorationFocus=0,170,255
DecorationHover=0,170,255
ForegroundActive=152,236,101
ForegroundInactive=169,169,169
ForegroundLink=0,170,255
ForegroundNegative=127,42,42
ForegroundNeutral=169,169,169
ForegroundNormal=204,204,204
ForegroundPositive=136,221,255
ForegroundVisited=170,136,255

[Colors:Selection]
BackgroundAlternate=0,170,255
BackgroundNormal=0,170,255
DecorationFocus=0,170,255
DecorationHover=0,170,255
ForegroundActive=152,236,101
ForegroundInactive=20,20,20
ForegroundLink=0,170,255
ForegroundNegative=127,42,42
ForegroundNeutral=169,169,169
ForegroundNormal=20,20,20
ForegroundPositive=136,221,255
ForegroundVisited=170,136,255

[Colors:Tooltip]
BackgroundAlternate=17,17,17
BackgroundNormal=17,17,17
DecorationFocus=0,170,255
DecorationHover=0,170,255
ForegroundActive=152,236,101
ForegroundInactive=169,169,169
ForegroundLink=0,170,255
ForegroundNegative=127,42,42
ForegroundNeutral=169,169,169
ForegroundNormal=204,204,204
ForegroundPositive=136,221,255
ForegroundVisited=170,136,255

[Colors:View]
BackgroundAlternate=21,21,21
BackgroundNormal=43,43,43
DecorationFocus=0,170,255
DecorationHover=0,170,255
ForegroundActive=152,236,101
ForegroundInactive=169,169,169
ForegroundLink=0,170,255
ForegroundNegative=127,42,42
ForegroundNeutral=169,169,169
ForegroundNormal=204,204,204
ForegroundPositive=136,221,255
ForegroundVisited=170,136,255

[Colors:Window]
BackgroundAlternate=21,21,21
BackgroundNormal=43,43,43
DecorationFocus=0,170,255
DecorationHover=0,170,255
ForegroundActive=152,236,101
ForegroundInactive=169,169,169
ForegroundLink=0,170,255
ForegroundNegative=127,42,42
ForegroundNeutral=169,169,169
ForegroundNormal=204,204,204
ForegroundPositive=136,221,255
ForegroundVisited=170,136,255

[General]
ColorScheme=Framer Blue
Name=Framer Blue
shadeSortColumn=true

[KDE]
contrast=4

[WM]
activeBackground=43,43,43
activeBlend=43,43,43
activeForeground=204,204,204
inactiveBackground=21,21,21
inactiveBlend=21,21,21
inactiveForeground=169,169,169
