[ColorEffects:Disabled]
Color=56,56,56
ColorAmount=0
ColorEffect=0
ContrastAmount=0.65000000000000002
ContrastEffect=1
IntensityAmount=0.10000000000000001
IntensityEffect=2

[ColorEffects:Inactive]
ChangeSelectionColor=true
Color=112,111,110
ColorAmount=0.025000000000000001
ColorEffect=2
ContrastAmount=0.10000000000000001
ContrastEffect=2
Enable=false
IntensityAmount=0
IntensityEffect=0


[Colors:Button]
BackgroundAlternate=8,8,8
BackgroundNormal=8,8,8
DecorationFocus=86,101,254
DecorationHover=86,101,254
ForegroundActive=28,216,21
ForegroundInactive=188,188,188
ForegroundLink=86,101,254
ForegroundNegative=107,0,2
ForegroundNeutral=188,188,188
ForegroundNormal=223,223,223
ForegroundPositive=79,210,217
ForegroundVisited=175,81,217

[Colors:Selection]
BackgroundAlternate=86,101,254
BackgroundNormal=86,101,254
DecorationFocus=86,101,254
DecorationHover=86,101,254
ForegroundActive=28,216,21
ForegroundInactive=0,0,0
ForegroundLink=86,101,254
ForegroundNegative=107,0,2
ForegroundNeutral=188,188,188
ForegroundNormal=0,0,0
ForegroundPositive=79,210,217
ForegroundVisited=175,81,217

[Colors:Tooltip]
BackgroundAlternate=8,8,8
BackgroundNormal=8,8,8
DecorationFocus=86,101,254
DecorationHover=86,101,254
ForegroundActive=28,216,21
ForegroundInactive=188,188,188
ForegroundLink=86,101,254
ForegroundNegative=107,0,2
ForegroundNeutral=188,188,188
ForegroundNormal=223,223,223
ForegroundPositive=79,210,217
ForegroundVisited=175,81,217

[Colors:View]
BackgroundAlternate=27,27,27
BackgroundNormal=55,55,55
DecorationFocus=86,101,254
DecorationHover=86,101,254
ForegroundActive=28,216,21
ForegroundInactive=188,188,188
ForegroundLink=86,101,254
ForegroundNegative=107,0,2
ForegroundNeutral=188,188,188
ForegroundNormal=223,223,223
ForegroundPositive=79,210,217
ForegroundVisited=175,81,217

[Colors:Window]
BackgroundAlternate=27,27,27
BackgroundNormal=55,55,55
DecorationFocus=86,101,254
DecorationHover=86,101,254
ForegroundActive=28,216,21
ForegroundInactive=188,188,188
ForegroundLink=86,101,254
ForegroundNegative=107,0,2
ForegroundNeutral=188,188,188
ForegroundNormal=223,223,223
ForegroundPositive=79,210,217
ForegroundVisited=175,81,217

[General]
ColorScheme=deep Blue
Name=deep Blue
shadeSortColumn=true

[KDE]
contrast=4

[WM]
activeBackground=55,55,55
activeBlend=55,55,55
activeForeground=223,223,223
inactiveBackground=27,27,27
inactiveBlend=27,27,27
inactiveForeground=188,188,188
