[ColorEffects:Disabled]
Color=56,56,56
ColorAmount=0
ColorEffect=0
ContrastAmount=0.65000000000000002
ContrastEffect=1
IntensityAmount=0.10000000000000001
IntensityEffect=2

[ColorEffects:Inactive]
ChangeSelectionColor=true
Color=112,111,110
ColorAmount=0.025000000000000001
ColorEffect=2
ContrastAmount=0.10000000000000001
ContrastEffect=2
Enable=false
IntensityAmount=0
IntensityEffect=0


[Colors:Button]
BackgroundAlternate=50,41,49
BackgroundNormal=50,41,49
DecorationFocus=18,144,191
DecorationHover=18,144,191
ForegroundActive=143,193,62
ForegroundInactive=169,164,168
ForegroundLink=18,144,191
ForegroundNegative=110,35,38
ForegroundNeutral=169,164,168
ForegroundNormal=185,181,184
ForegroundPositive=20,155,147
ForegroundVisited=200,94,124

[Colors:Selection]
BackgroundAlternate=18,144,191
BackgroundNormal=18,144,191
DecorationFocus=18,144,191
DecorationHover=18,144,191
ForegroundActive=143,193,62
ForegroundInactive=50,41,49
ForegroundLink=18,144,191
ForegroundNegative=110,35,38
ForegroundNeutral=169,164,168
ForegroundNormal=50,41,49
ForegroundPositive=20,155,147
ForegroundVisited=200,94,124

[Colors:Tooltip]
BackgroundAlternate=50,41,49
BackgroundNormal=50,41,49
DecorationFocus=18,144,191
DecorationHover=18,144,191
ForegroundActive=143,193,62
ForegroundInactive=169,164,168
ForegroundLink=18,144,191
ForegroundNegative=110,35,38
ForegroundNeutral=169,164,168
ForegroundNormal=185,181,184
ForegroundPositive=20,155,147
ForegroundVisited=200,94,124

[Colors:View]
BackgroundAlternate=40,38,40
BackgroundNormal=80,76,80
DecorationFocus=18,144,191
DecorationHover=18,144,191
ForegroundActive=143,193,62
ForegroundInactive=169,164,168
ForegroundLink=18,144,191
ForegroundNegative=110,35,38
ForegroundNeutral=169,164,168
ForegroundNormal=185,181,184
ForegroundPositive=20,155,147
ForegroundVisited=200,94,124

[Colors:Window]
BackgroundAlternate=40,38,40
BackgroundNormal=80,76,80
DecorationFocus=18,144,191
DecorationHover=18,144,191
ForegroundActive=143,193,62
ForegroundInactive=169,164,168
ForegroundLink=18,144,191
ForegroundNegative=110,35,38
ForegroundNeutral=169,164,168
ForegroundNormal=185,181,184
ForegroundPositive=20,155,147
ForegroundVisited=200,94,124

[General]
ColorScheme=Hopscotch Blue
Name=Hopscotch Blue
shadeSortColumn=true

[KDE]
contrast=4

[WM]
activeBackground=80,76,80
activeBlend=80,76,80
activeForeground=185,181,184
inactiveBackground=40,38,40
inactiveBlend=40,38,40
inactiveForeground=169,164,168
