[ColorEffects:Disabled]
Color=56,56,56
ColorAmount=0
ColorEffect=0
ContrastAmount=0.65000000000000002
ContrastEffect=1
IntensityAmount=0.10000000000000001
IntensityEffect=2

[ColorEffects:Inactive]
ChangeSelectionColor=true
Color=112,111,110
ColorAmount=0.025000000000000001
ColorEffect=2
ContrastAmount=0.10000000000000001
ContrastEffect=2
Enable=false
IntensityAmount=0
IntensityEffect=0


[Colors:Button]
BackgroundAlternate=49,54,59
BackgroundNormal=49,54,59
DecorationFocus=29,153,243
DecorationHover=29,153,243
ForegroundActive=17,209,22
ForegroundInactive=211,215,216
ForegroundLink=29,153,243
ForegroundNegative=118,10,10
ForegroundNeutral=211,215,216
ForegroundNormal=239,240,241
ForegroundPositive=26,188,156
ForegroundVisited=155,89,182

[Colors:Selection]
BackgroundAlternate=29,153,243
BackgroundNormal=29,153,243
DecorationFocus=29,153,243
DecorationHover=29,153,243
ForegroundActive=17,209,22
ForegroundInactive=49,54,59
ForegroundLink=29,153,243
ForegroundNegative=118,10,10
ForegroundNeutral=211,215,216
ForegroundNormal=49,54,59
ForegroundPositive=26,188,156
ForegroundVisited=155,89,182

[Colors:Tooltip]
BackgroundAlternate=49,54,59
BackgroundNormal=49,54,59
DecorationFocus=29,153,243
DecorationHover=29,153,243
ForegroundActive=17,209,22
ForegroundInactive=211,215,216
ForegroundLink=29,153,243
ForegroundNegative=118,10,10
ForegroundNeutral=211,215,216
ForegroundNormal=239,240,241
ForegroundPositive=26,188,156
ForegroundVisited=155,89,182

[Colors:View]
BackgroundAlternate=42,46,47
BackgroundNormal=84,93,94
DecorationFocus=29,153,243
DecorationHover=29,153,243
ForegroundActive=17,209,22
ForegroundInactive=211,215,216
ForegroundLink=29,153,243
ForegroundNegative=118,10,10
ForegroundNeutral=211,215,216
ForegroundNormal=239,240,241
ForegroundPositive=26,188,156
ForegroundVisited=155,89,182

[Colors:Window]
BackgroundAlternate=42,46,47
BackgroundNormal=84,93,94
DecorationFocus=29,153,243
DecorationHover=29,153,243
ForegroundActive=17,209,22
ForegroundInactive=211,215,216
ForegroundLink=29,153,243
ForegroundNegative=118,10,10
ForegroundNeutral=211,215,216
ForegroundNormal=239,240,241
ForegroundPositive=26,188,156
ForegroundVisited=155,89,182

[General]
ColorScheme=Breeze Blue
Name=Breeze Blue
shadeSortColumn=true

[KDE]
contrast=4

[WM]
activeBackground=84,93,94
activeBlend=84,93,94
activeForeground=239,240,241
inactiveBackground=42,46,47
inactiveBlend=42,46,47
inactiveForeground=211,215,216
