[ColorEffects:Disabled]
Color=56,56,56
ColorAmount=0
ColorEffect=0
ContrastAmount=0.65000000000000002
ContrastEffect=1
IntensityAmount=0.10000000000000001
IntensityEffect=2

[ColorEffects:Inactive]
ChangeSelectionColor=true
Color=112,111,110
ColorAmount=0.025000000000000001
ColorEffect=2
ContrastAmount=0.10000000000000001
ContrastEffect=2
Enable=false
IntensityAmount=0
IntensityEffect=0


[Colors:Button]
BackgroundAlternate=28,28,28
BackgroundNormal=28,28,28
DecorationFocus=127,165,189
DecorationHover=127,165,189
ForegroundActive=144,165,125
ForegroundInactive=174,174,173
ForegroundLink=127,165,189
ForegroundNegative=81,51,51
ForegroundNeutral=174,174,173
ForegroundNormal=208,208,208
ForegroundPositive=138,219,180
ForegroundVisited=199,158,196

[Colors:Selection]
BackgroundAlternate=127,165,189
BackgroundNormal=127,165,189
DecorationFocus=127,165,189
DecorationHover=127,165,189
ForegroundActive=144,165,125
ForegroundInactive=47,46,45
ForegroundLink=127,165,189
ForegroundNegative=81,51,51
ForegroundNeutral=174,174,173
ForegroundNormal=47,46,45
ForegroundPositive=138,219,180
ForegroundVisited=199,158,196

[Colors:Tooltip]
BackgroundAlternate=28,28,28
BackgroundNormal=28,28,28
DecorationFocus=127,165,189
DecorationHover=127,165,189
ForegroundActive=144,165,125
ForegroundInactive=174,174,173
ForegroundLink=127,165,189
ForegroundNegative=81,51,51
ForegroundNeutral=174,174,173
ForegroundNormal=208,208,208
ForegroundPositive=138,219,180
ForegroundVisited=199,158,196

[Colors:View]
BackgroundAlternate=24,24,23
BackgroundNormal=49,48,46
DecorationFocus=127,165,189
DecorationHover=127,165,189
ForegroundActive=144,165,125
ForegroundInactive=174,174,173
ForegroundLink=127,165,189
ForegroundNegative=81,51,51
ForegroundNeutral=174,174,173
ForegroundNormal=208,208,208
ForegroundPositive=138,219,180
ForegroundVisited=199,158,196

[Colors:Window]
BackgroundAlternate=24,24,23
BackgroundNormal=49,48,46
DecorationFocus=127,165,189
DecorationHover=127,165,189
ForegroundActive=144,165,125
ForegroundInactive=174,174,173
ForegroundLink=127,165,189
ForegroundNegative=81,51,51
ForegroundNeutral=174,174,173
ForegroundNormal=208,208,208
ForegroundPositive=138,219,180
ForegroundVisited=199,158,196

[General]
ColorScheme=Pnevma Blue
Name=Pnevma Blue
shadeSortColumn=true

[KDE]
contrast=4

[WM]
activeBackground=49,48,46
activeBlend=49,48,46
activeForeground=208,208,208
inactiveBackground=24,24,23
inactiveBlend=24,24,23
inactiveForeground=174,174,173
