[ColorEffects:Disabled]
Color=56,56,56
ColorAmount=0
ColorEffect=0
ContrastAmount=0.65000000000000002
ContrastEffect=1
IntensityAmount=0.10000000000000001
IntensityEffect=2

[ColorEffects:Inactive]
ChangeSelectionColor=true
Color=112,111,110
ColorAmount=0.025000000000000001
ColorEffect=2
ContrastAmount=0.10000000000000001
ContrastEffect=2
Enable=false
IntensityAmount=0
IntensityEffect=0


[Colors:Button]
BackgroundAlternate=25,25,25
BackgroundNormal=25,25,25
DecorationFocus=67,135,207
DecorationHover=67,135,207
ForegroundActive=77,123,58
ForegroundInactive=192,196,192
ForegroundLink=67,135,207
ForegroundNegative=101,27,22
ForegroundNeutral=192,196,192
ForegroundNormal=205,211,205
ForegroundPositive=114,212,198
ForegroundVisited=184,108,180

[Colors:Selection]
BackgroundAlternate=67,135,207
BackgroundNormal=67,135,207
DecorationFocus=67,135,207
DecorationHover=67,135,207
ForegroundActive=77,123,58
ForegroundInactive=90,90,90
ForegroundLink=67,135,207
ForegroundNegative=101,27,22
ForegroundNeutral=192,196,192
ForegroundNormal=90,90,90
ForegroundPositive=114,212,198
ForegroundVisited=184,108,180

[Colors:Tooltip]
BackgroundAlternate=25,25,25
BackgroundNormal=25,25,25
DecorationFocus=67,135,207
DecorationHover=67,135,207
ForegroundActive=77,123,58
ForegroundInactive=192,196,192
ForegroundLink=67,135,207
ForegroundNegative=101,27,22
ForegroundNeutral=192,196,192
ForegroundNormal=205,211,205
ForegroundPositive=114,212,198
ForegroundVisited=184,108,180

[Colors:View]
BackgroundAlternate=51,51,51
BackgroundNormal=102,102,102
DecorationFocus=67,135,207
DecorationHover=67,135,207
ForegroundActive=77,123,58
ForegroundInactive=192,196,192
ForegroundLink=67,135,207
ForegroundNegative=101,27,22
ForegroundNeutral=192,196,192
ForegroundNormal=205,211,205
ForegroundPositive=114,212,198
ForegroundVisited=184,108,180

[Colors:Window]
BackgroundAlternate=51,51,51
BackgroundNormal=102,102,102
DecorationFocus=67,135,207
DecorationHover=67,135,207
ForegroundActive=77,123,58
ForegroundInactive=192,196,192
ForegroundLink=67,135,207
ForegroundNegative=101,27,22
ForegroundNeutral=192,196,192
ForegroundNormal=205,211,205
ForegroundPositive=114,212,198
ForegroundVisited=184,108,180

[General]
ColorScheme=Operator Mono Dark Blue
Name=Operator Mono Dark Blue
shadeSortColumn=true

[KDE]
contrast=4

[WM]
activeBackground=102,102,102
activeBlend=102,102,102
activeForeground=205,211,205
inactiveBackground=51,51,51
inactiveBlend=51,51,51
inactiveForeground=192,196,192
