[ColorEffects:Disabled]
Color=56,56,56
ColorAmount=0
ColorEffect=0
ContrastAmount=0.65000000000000002
ContrastEffect=1
IntensityAmount=0.10000000000000001
IntensityEffect=2

[ColorEffects:Inactive]
ChangeSelectionColor=true
Color=112,111,110
ColorAmount=0.025000000000000001
ColorEffect=2
ContrastAmount=0.10000000000000001
ContrastEffect=2
Enable=false
IntensityAmount=0
IntensityEffect=0


[Colors:Button]
BackgroundAlternate=26,24,24
BackgroundNormal=26,24,24
DecorationFocus=72,90,152
DecorationHover=72,90,152
ForegroundActive=87,118,68
ForegroundInactive=169,169,167
ForegroundLink=72,90,152
ForegroundNegative=83,35,30
ForegroundNeutral=169,169,167
ForegroundNormal=200,200,200
ForegroundPositive=156,129,78
ForegroundVisited=133,69,81

[Colors:Selection]
BackgroundAlternate=72,90,152
BackgroundNormal=72,90,152
DecorationFocus=72,90,152
DecorationHover=72,90,152
ForegroundActive=87,118,68
ForegroundInactive=48,43,42
ForegroundLink=72,90,152
ForegroundNegative=83,35,30
ForegroundNeutral=169,169,167
ForegroundNormal=48,43,42
ForegroundPositive=156,129,78
ForegroundVisited=133,69,81

[Colors:Tooltip]
BackgroundAlternate=26,24,24
BackgroundNormal=26,24,24
DecorationFocus=72,90,152
DecorationHover=72,90,152
ForegroundActive=87,118,68
ForegroundInactive=169,169,167
ForegroundLink=72,90,152
ForegroundNegative=83,35,30
ForegroundNeutral=169,169,167
ForegroundNormal=200,200,200
ForegroundPositive=156,129,78
ForegroundVisited=133,69,81

[Colors:View]
BackgroundAlternate=25,25,23
BackgroundNormal=51,51,47
DecorationFocus=72,90,152
DecorationHover=72,90,152
ForegroundActive=87,118,68
ForegroundInactive=169,169,167
ForegroundLink=72,90,152
ForegroundNegative=83,35,30
ForegroundNeutral=169,169,167
ForegroundNormal=200,200,200
ForegroundPositive=156,129,78
ForegroundVisited=133,69,81

[Colors:Window]
BackgroundAlternate=25,25,23
BackgroundNormal=51,51,47
DecorationFocus=72,90,152
DecorationHover=72,90,152
ForegroundActive=87,118,68
ForegroundInactive=169,169,167
ForegroundLink=72,90,152
ForegroundNegative=83,35,30
ForegroundNeutral=169,169,167
ForegroundNormal=200,200,200
ForegroundPositive=156,129,78
ForegroundVisited=133,69,81

[General]
ColorScheme=Sundried Blue
Name=Sundried Blue
shadeSortColumn=true

[KDE]
contrast=4

[WM]
activeBackground=51,51,47
activeBlend=51,51,47
activeForeground=200,200,200
inactiveBackground=25,25,23
inactiveBlend=25,25,23
inactiveForeground=169,169,167
