[ColorEffects:Disabled]
Color=56,56,56
ColorAmount=0
ColorEffect=0
ContrastAmount=0.65000000000000002
ContrastEffect=1
IntensityAmount=0.10000000000000001
IntensityEffect=2

[ColorEffects:Inactive]
ChangeSelectionColor=true
Color=112,111,110
ColorAmount=0.025000000000000001
ColorEffect=2
ContrastAmount=0.10000000000000001
ContrastEffect=2
Enable=false
IntensityAmount=0
IntensityEffect=0


[Colors:Button]
BackgroundAlternate=29,24,8
BackgroundNormal=29,24,8
DecorationFocus=96,107,175
DecorationHover=96,107,175
ForegroundActive=124,138,22
ForegroundInactive=174,165,120
ForegroundLink=96,107,175
ForegroundNegative=90,38,0
ForegroundNeutral=174,165,120
ForegroundNormal=201,193,153
ForegroundPositive=144,107,37
ForegroundVisited=139,89,144

[Colors:Selection]
BackgroundAlternate=96,107,175
BackgroundNormal=96,107,175
DecorationFocus=96,107,175
DecorationHover=96,107,175
ForegroundActive=124,138,22
ForegroundInactive=0,0,0
ForegroundLink=96,107,175
ForegroundNegative=90,38,0
ForegroundNeutral=174,165,120
ForegroundNormal=0,0,0
ForegroundPositive=144,107,37
ForegroundVisited=139,89,144

[Colors:Tooltip]
BackgroundAlternate=29,24,8
BackgroundNormal=29,24,8
DecorationFocus=96,107,175
DecorationHover=96,107,175
ForegroundActive=124,138,22
ForegroundInactive=174,165,120
ForegroundLink=96,107,175
ForegroundNegative=90,38,0
ForegroundNeutral=174,165,120
ForegroundNormal=201,193,153
ForegroundPositive=144,107,37
ForegroundVisited=139,89,144

[Colors:View]
BackgroundAlternate=31,27,8
BackgroundNormal=62,54,16
DecorationFocus=96,107,175
DecorationHover=96,107,175
ForegroundActive=124,138,22
ForegroundInactive=174,165,120
ForegroundLink=96,107,175
ForegroundNegative=90,38,0
ForegroundNeutral=174,165,120
ForegroundNormal=201,193,153
ForegroundPositive=144,107,37
ForegroundVisited=139,89,144

[Colors:Window]
BackgroundAlternate=31,27,8
BackgroundNormal=62,54,16
DecorationFocus=96,107,175
DecorationHover=96,107,175
ForegroundActive=124,138,22
ForegroundInactive=174,165,120
ForegroundLink=96,107,175
ForegroundNegative=90,38,0
ForegroundNeutral=174,165,120
ForegroundNormal=201,193,153
ForegroundPositive=144,107,37
ForegroundVisited=139,89,144

[General]
ColorScheme=Medallion Blue
Name=Medallion Blue
shadeSortColumn=true

[KDE]
contrast=4

[WM]
activeBackground=62,54,16
activeBlend=62,54,16
activeForeground=201,193,153
inactiveBackground=31,27,8
inactiveBlend=31,27,8
inactiveForeground=174,165,120
