[ColorEffects:Disabled]
Color=56,56,56
ColorAmount=0
ColorEffect=0
ContrastAmount=0.65000000000000002
ContrastEffect=1
IntensityAmount=0.10000000000000001
IntensityEffect=2

[ColorEffects:Inactive]
ChangeSelectionColor=true
Color=112,111,110
ColorAmount=0.025000000000000001
ColorEffect=2
ContrastAmount=0.10000000000000001
ContrastEffect=2
Enable=false
IntensityAmount=0
IntensityEffect=0


[Colors:Button]
BackgroundAlternate=0,0,0
BackgroundNormal=0,0,0
DecorationFocus=196,141,255
DecorationHover=196,141,255
ForegroundActive=166,227,45
ForegroundInactive=202,202,202
ForegroundLink=196,141,255
ForegroundNegative=114,17,17
ForegroundNeutral=202,202,202
ForegroundNormal=242,242,242
ForegroundPositive=103,217,240
ForegroundVisited=250,37,115

[Colors:Selection]
BackgroundAlternate=196,141,255
BackgroundNormal=196,141,255
DecorationFocus=196,141,255
DecorationHover=196,141,255
ForegroundActive=166,227,45
ForegroundInactive=0,0,0
ForegroundLink=196,141,255
ForegroundNegative=114,17,17
ForegroundNeutral=202,202,202
ForegroundNormal=0,0,0
ForegroundPositive=103,217,240
ForegroundVisited=250,37,115

[Colors:Tooltip]
BackgroundAlternate=0,0,0
BackgroundNormal=0,0,0
DecorationFocus=196,141,255
DecorationHover=196,141,255
ForegroundActive=166,227,45
ForegroundInactive=202,202,202
ForegroundLink=196,141,255
ForegroundNegative=114,17,17
ForegroundNeutral=202,202,202
ForegroundNormal=242,242,242
ForegroundPositive=103,217,240
ForegroundVisited=250,37,115

[Colors:View]
BackgroundAlternate=28,28,28
BackgroundNormal=56,56,56
DecorationFocus=196,141,255
DecorationHover=196,141,255
ForegroundActive=166,227,45
ForegroundInactive=202,202,202
ForegroundLink=196,141,255
ForegroundNegative=114,17,17
ForegroundNeutral=202,202,202
ForegroundNormal=242,242,242
ForegroundPositive=103,217,240
ForegroundVisited=250,37,115

[Colors:Window]
BackgroundAlternate=28,28,28
BackgroundNormal=56,56,56
DecorationFocus=196,141,255
DecorationHover=196,141,255
ForegroundActive=166,227,45
ForegroundInactive=202,202,202
ForegroundLink=196,141,255
ForegroundNegative=114,17,17
ForegroundNeutral=202,202,202
ForegroundNormal=242,242,242
ForegroundPositive=103,217,240
ForegroundVisited=250,37,115

[General]
ColorScheme=Mathias Blue
Name=Mathias Blue
shadeSortColumn=true

[KDE]
contrast=4

[WM]
activeBackground=56,56,56
activeBlend=56,56,56
activeForeground=242,242,242
inactiveBackground=28,28,28
inactiveBlend=28,28,28
inactiveForeground=202,202,202
