[ColorEffects:Disabled]
Color=56,56,56
ColorAmount=0
ColorEffect=0
ContrastAmount=0.65000000000000002
ContrastEffect=1
IntensityAmount=0.10000000000000001
IntensityEffect=2

[ColorEffects:Inactive]
ChangeSelectionColor=true
Color=112,111,110
ColorAmount=0.025000000000000001
ColorEffect=2
ContrastAmount=0.10000000000000001
ContrastEffect=2
Enable=false
IntensityAmount=0
IntensityEffect=0


[Colors:Button]
BackgroundAlternate=36,39,40
BackgroundNormal=36,39,40
DecorationFocus=71,223,251
DecorationHover=71,223,251
ForegroundActive=181,255,0
ForegroundInactive=193,194,194
ForegroundLink=71,223,251
ForegroundNegative=127,0,72
ForegroundNeutral=193,194,194
ForegroundNormal=225,225,225
ForegroundPositive=14,255,187
ForegroundVisited=214,48,255

[Colors:Selection]
BackgroundAlternate=71,223,251
BackgroundNormal=71,223,251
DecorationFocus=71,223,251
DecorationHover=71,223,251
ForegroundActive=181,255,0
ForegroundInactive=35,38,40
ForegroundLink=71,223,251
ForegroundNegative=127,0,72
ForegroundNeutral=193,194,194
ForegroundNormal=35,38,40
ForegroundPositive=14,255,187
ForegroundVisited=214,48,255

[Colors:Tooltip]
BackgroundAlternate=36,39,40
BackgroundNormal=36,39,40
DecorationFocus=71,223,251
DecorationHover=71,223,251
ForegroundActive=181,255,0
ForegroundInactive=193,194,194
ForegroundLink=71,223,251
ForegroundNegative=127,0,72
ForegroundNeutral=193,194,194
ForegroundNormal=225,225,225
ForegroundPositive=14,255,187
ForegroundVisited=214,48,255

[Colors:View]
BackgroundAlternate=32,33,34
BackgroundNormal=65,67,68
DecorationFocus=71,223,251
DecorationHover=71,223,251
ForegroundActive=181,255,0
ForegroundInactive=193,194,194
ForegroundLink=71,223,251
ForegroundNegative=127,0,72
ForegroundNeutral=193,194,194
ForegroundNormal=225,225,225
ForegroundPositive=14,255,187
ForegroundVisited=214,48,255

[Colors:Window]
BackgroundAlternate=32,33,34
BackgroundNormal=65,67,68
DecorationFocus=71,223,251
DecorationHover=71,223,251
ForegroundActive=181,255,0
ForegroundInactive=193,194,194
ForegroundLink=71,223,251
ForegroundNegative=127,0,72
ForegroundNeutral=193,194,194
ForegroundNormal=225,225,225
ForegroundPositive=14,255,187
ForegroundVisited=214,48,255

[General]
ColorScheme=UltraViolent Blue
Name=UltraViolent Blue
shadeSortColumn=true

[KDE]
contrast=4

[WM]
activeBackground=65,67,68
activeBlend=65,67,68
activeForeground=225,225,225
inactiveBackground=32,33,34
inactiveBlend=32,33,34
inactiveForeground=193,194,194
