[ColorEffects:Disabled]
Color=56,56,56
ColorAmount=0
ColorEffect=0
ContrastAmount=0.65000000000000002
ContrastEffect=1
IntensityAmount=0.10000000000000001
IntensityEffect=2

[ColorEffects:Inactive]
ChangeSelectionColor=true
Color=112,111,110
ColorAmount=0.025000000000000001
ColorEffect=2
ContrastAmount=0.10000000000000001
ContrastEffect=2
Enable=false
IntensityAmount=0
IntensityEffect=0


[Colors:Button]
BackgroundAlternate=63,63,63
BackgroundNormal=63,63,63
DecorationFocus=80,96,112
DecorationHover=80,96,112
ForegroundActive=96,180,138
ForegroundInactive=193,201,185
ForegroundLink=80,96,112
ForegroundNegative=56,40,40
ForegroundNeutral=193,201,185
ForegroundNormal=220,220,204
ForegroundPositive=140,208,211
ForegroundVisited=220,140,195

[Colors:Selection]
BackgroundAlternate=80,96,112
BackgroundNormal=80,96,112
DecorationFocus=80,96,112
DecorationHover=80,96,112
ForegroundActive=96,180,138
ForegroundInactive=77,77,77
ForegroundLink=80,96,112
ForegroundNegative=56,40,40
ForegroundNeutral=193,201,185
ForegroundNormal=77,77,77
ForegroundPositive=140,208,211
ForegroundVisited=220,140,195

[Colors:Tooltip]
BackgroundAlternate=63,63,63
BackgroundNormal=63,63,63
DecorationFocus=80,96,112
DecorationHover=80,96,112
ForegroundActive=96,180,138
ForegroundInactive=193,201,185
ForegroundLink=80,96,112
ForegroundNegative=56,40,40
ForegroundNeutral=193,201,185
ForegroundNormal=220,220,204
ForegroundPositive=140,208,211
ForegroundVisited=220,140,195

[Colors:View]
BackgroundAlternate=37,48,42
BackgroundNormal=74,96,85
DecorationFocus=80,96,112
DecorationHover=80,96,112
ForegroundActive=96,180,138
ForegroundInactive=193,201,185
ForegroundLink=80,96,112
ForegroundNegative=56,40,40
ForegroundNeutral=193,201,185
ForegroundNormal=220,220,204
ForegroundPositive=140,208,211
ForegroundVisited=220,140,195

[Colors:Window]
BackgroundAlternate=37,48,42
BackgroundNormal=74,96,85
DecorationFocus=80,96,112
DecorationHover=80,96,112
ForegroundActive=96,180,138
ForegroundInactive=193,201,185
ForegroundLink=80,96,112
ForegroundNegative=56,40,40
ForegroundNeutral=193,201,185
ForegroundNormal=220,220,204
ForegroundPositive=140,208,211
ForegroundVisited=220,140,195

[General]
ColorScheme=Zenburn Blue
Name=Zenburn Blue
shadeSortColumn=true

[KDE]
contrast=4

[WM]
activeBackground=74,96,85
activeBlend=74,96,85
activeForeground=220,220,204
inactiveBackground=37,48,42
inactiveBlend=37,48,42
inactiveForeground=193,201,185
