[ColorEffects:Disabled]
Color=56,56,56
ColorAmount=0
ColorEffect=0
ContrastAmount=0.65000000000000002
ContrastEffect=1
IntensityAmount=0.10000000000000001
IntensityEffect=2

[ColorEffects:Inactive]
ChangeSelectionColor=true
Color=112,111,110
ColorAmount=0.025000000000000001
ColorEffect=2
ContrastAmount=0.10000000000000001
ContrastEffect=2
Enable=false
IntensityAmount=0
IntensityEffect=0


[Colors:Button]
BackgroundAlternate=45,55,67
BackgroundNormal=45,55,67
DecorationFocus=51,143,134
DecorationHover=51,143,134
ForegroundActive=116,175,104
ForegroundInactive=190,190,189
ForegroundLink=51,143,134
ForegroundNegative=127,33,33
ForegroundNeutral=190,190,189
ForegroundNormal=225,225,224
ForegroundPositive=35,215,215
ForegroundVisited=148,19,229

[Colors:Selection]
BackgroundAlternate=51,143,134
BackgroundNormal=51,143,134
DecorationFocus=51,143,134
DecorationHover=51,143,134
ForegroundActive=116,175,104
ForegroundInactive=0,0,0
ForegroundLink=51,143,134
ForegroundNegative=127,33,33
ForegroundNeutral=190,190,189
ForegroundNormal=0,0,0
ForegroundPositive=35,215,215
ForegroundVisited=148,19,229

[Colors:Tooltip]
BackgroundAlternate=45,55,67
BackgroundNormal=45,55,67
DecorationFocus=51,143,134
DecorationHover=51,143,134
ForegroundActive=116,175,104
ForegroundInactive=190,190,189
ForegroundLink=51,143,134
ForegroundNegative=127,33,33
ForegroundNeutral=190,190,189
ForegroundNormal=225,225,224
ForegroundPositive=35,215,215
ForegroundVisited=148,19,229

[Colors:View]
BackgroundAlternate=28,28,28
BackgroundNormal=56,56,56
DecorationFocus=51,143,134
DecorationHover=51,143,134
ForegroundActive=116,175,104
ForegroundInactive=190,190,189
ForegroundLink=51,143,134
ForegroundNegative=127,33,33
ForegroundNeutral=190,190,189
ForegroundNormal=225,225,224
ForegroundPositive=35,215,215
ForegroundVisited=148,19,229

[Colors:Window]
BackgroundAlternate=28,28,28
BackgroundNormal=56,56,56
DecorationFocus=51,143,134
DecorationHover=51,143,134
ForegroundActive=116,175,104
ForegroundInactive=190,190,189
ForegroundLink=51,143,134
ForegroundNegative=127,33,33
ForegroundNeutral=190,190,189
ForegroundNormal=225,225,224
ForegroundPositive=35,215,215
ForegroundVisited=148,19,229

[General]
ColorScheme=Misterioso Blue
Name=Misterioso Blue
shadeSortColumn=true

[KDE]
contrast=4

[WM]
activeBackground=56,56,56
activeBlend=56,56,56
activeForeground=225,225,224
inactiveBackground=28,28,28
inactiveBlend=28,28,28
inactiveForeground=190,190,189
