[ColorEffects:Disabled]
Color=56,56,56
ColorAmount=0
ColorEffect=0
ContrastAmount=0.65000000000000002
ContrastEffect=1
IntensityAmount=0.10000000000000001
IntensityEffect=2

[ColorEffects:Inactive]
ChangeSelectionColor=true
Color=112,111,110
ColorAmount=0.025000000000000001
ColorEffect=2
ContrastAmount=0.10000000000000001
ContrastEffect=2
Enable=false
IntensityAmount=0
IntensityEffect=0


[Colors:Button]
BackgroundAlternate=23,23,23
BackgroundNormal=23,23,23
DecorationFocus=93,169,246
DecorationHover=93,169,246
ForegroundActive=177,232,105
ForegroundInactive=178,175,166
ForegroundLink=93,169,246
ForegroundNegative=127,48,45
ForegroundNeutral=178,175,166
ForegroundNormal=222,217,206
ForegroundPositive=130,255,246
ForegroundVisited=232,106,255

[Colors:Selection]
BackgroundAlternate=93,169,246
BackgroundNormal=93,169,246
DecorationFocus=93,169,246
DecorationHover=93,169,246
ForegroundActive=177,232,105
ForegroundInactive=0,0,0
ForegroundLink=93,169,246
ForegroundNegative=127,48,45
ForegroundNeutral=178,175,166
ForegroundNormal=0,0,0
ForegroundPositive=130,255,246
ForegroundVisited=232,106,255

[Colors:Tooltip]
BackgroundAlternate=23,23,23
BackgroundNormal=23,23,23
DecorationFocus=93,169,246
DecorationHover=93,169,246
ForegroundActive=177,232,105
ForegroundInactive=178,175,166
ForegroundLink=93,169,246
ForegroundNegative=127,48,45
ForegroundNeutral=178,175,166
ForegroundNormal=222,217,206
ForegroundPositive=130,255,246
ForegroundVisited=232,106,255

[Colors:View]
BackgroundAlternate=16,16,16
BackgroundNormal=32,32,32
DecorationFocus=93,169,246
DecorationHover=93,169,246
ForegroundActive=177,232,105
ForegroundInactive=178,175,166
ForegroundLink=93,169,246
ForegroundNegative=127,48,45
ForegroundNeutral=178,175,166
ForegroundNormal=222,217,206
ForegroundPositive=130,255,246
ForegroundVisited=232,106,255

[Colors:Window]
BackgroundAlternate=16,16,16
BackgroundNormal=32,32,32
DecorationFocus=93,169,246
DecorationHover=93,169,246
ForegroundActive=177,232,105
ForegroundInactive=178,175,166
ForegroundLink=93,169,246
ForegroundNegative=127,48,45
ForegroundNeutral=178,175,166
ForegroundNormal=222,217,206
ForegroundPositive=130,255,246
ForegroundVisited=232,106,255

[General]
ColorScheme=Wombat Blue
Name=Wombat Blue
shadeSortColumn=true

[KDE]
contrast=4

[WM]
activeBackground=32,32,32
activeBlend=32,32,32
activeForeground=222,217,206
inactiveBackground=16,16,16
inactiveBlend=16,16,16
inactiveForeground=178,175,166
