[ColorEffects:Disabled]
Color=56,56,56
ColorAmount=0
ColorEffect=0
ContrastAmount=0.65000000000000002
ContrastEffect=1
IntensityAmount=0.10000000000000001
IntensityEffect=2

[ColorEffects:Inactive]
ChangeSelectionColor=true
Color=112,111,110
ColorAmount=0.025000000000000001
ColorEffect=2
ContrastAmount=0.10000000000000001
ContrastEffect=2
Enable=false
IntensityAmount=0
IntensityEffect=0


[Colors:Button]
BackgroundAlternate=22,19,15
BackgroundNormal=22,19,15
DecorationFocus=130,109,87
DecorationHover=130,109,87
ForegroundActive=87,130,109
ForegroundInactive=138,128,117
ForegroundLink=109,87,130
ForegroundNegative=130,87,87
ForegroundNeutral=138,128,117
ForegroundNormal=163,154,144
ForegroundPositive=87,109,130
ForegroundVisited=130,87,109

[Colors:Selection]
BackgroundAlternate=130,109,87
BackgroundNormal=130,109,87
DecorationFocus=130,109,87
DecorationHover=130,109,87
ForegroundActive=87,130,109
ForegroundInactive=44,38,32
ForegroundLink=109,87,130
ForegroundNegative=130,87,87
ForegroundNeutral=138,128,117
ForegroundNormal=44,38,32
ForegroundPositive=87,109,130
ForegroundVisited=130,87,109

[Colors:Tooltip]
BackgroundAlternate=22,19,15
BackgroundNormal=22,19,15
DecorationFocus=130,109,87
DecorationHover=130,109,87
ForegroundActive=87,130,109
ForegroundInactive=138,128,117
ForegroundLink=109,87,130
ForegroundNegative=130,87,87
ForegroundNeutral=138,128,117
ForegroundNormal=163,154,144
ForegroundPositive=87,109,130
ForegroundVisited=130,87,109

[Colors:View]
BackgroundAlternate=22,19,15
BackgroundNormal=22,19,15
DecorationFocus=130,109,87
DecorationHover=130,109,87
ForegroundActive=87,130,109
ForegroundInactive=138,128,117
ForegroundLink=109,87,130
ForegroundNegative=130,87,87
ForegroundNeutral=138,128,117
ForegroundNormal=163,154,144
ForegroundPositive=87,109,130
ForegroundVisited=130,87,109

[Colors:Window]
BackgroundAlternate=22,19,15
BackgroundNormal=22,19,15
DecorationFocus=130,109,87
DecorationHover=130,109,87
ForegroundActive=87,130,109
ForegroundInactive=138,128,117
ForegroundLink=109,87,130
ForegroundNegative=130,87,87
ForegroundNeutral=138,128,117
ForegroundNormal=163,154,144
ForegroundPositive=87,109,130
ForegroundVisited=130,87,109

[General]
ColorScheme=Embers
Name=Embers
shadeSortColumn=true

[KDE]
contrast=4

[WM]
activeBackground=22,19,15
activeBlend=22,19,15
activeForeground=163,154,144
inactiveBackground=22,19,15
inactiveBlend=22,19,15
inactiveForeground=138,128,117
