[ColorEffects:Disabled]
Color=56,56,56
ColorAmount=0
ColorEffect=0
ContrastAmount=0.65000000000000002
ContrastEffect=1
IntensityAmount=0.10000000000000001
IntensityEffect=2

[ColorEffects:Inactive]
ChangeSelectionColor=true
Color=112,111,110
ColorAmount=0.025000000000000001
ColorEffect=2
ContrastAmount=0.10000000000000001
ContrastEffect=2
Enable=false
IntensityAmount=0
IntensityEffect=0


[Colors:Button]
BackgroundAlternate=60,76,85
BackgroundNormal=60,76,85
DecorationFocus=131,175,229
DecorationHover=131,175,229
ForegroundActive=127,193,202
ForegroundInactive=137,155,166
ForegroundLink=131,175,229
ForegroundNegative=242,195,143
ForegroundNeutral=137,155,166
ForegroundNormal=197,212,221
ForegroundPositive=242,195,143
ForegroundVisited=154,147,225

[Colors:Selection]
BackgroundAlternate=131,175,229
BackgroundNormal=131,175,229
DecorationFocus=131,175,229
DecorationHover=131,175,229
ForegroundActive=127,193,202
ForegroundInactive=85,104,115
ForegroundLink=131,175,229
ForegroundNegative=242,195,143
ForegroundNeutral=137,155,166
ForegroundNormal=85,104,115
ForegroundPositive=242,195,143
ForegroundVisited=154,147,225

[Colors:Tooltip]
BackgroundAlternate=60,76,85
BackgroundNormal=60,76,85
DecorationFocus=131,175,229
DecorationHover=131,175,229
ForegroundActive=127,193,202
ForegroundInactive=137,155,166
ForegroundLink=131,175,229
ForegroundNegative=242,195,143
ForegroundNeutral=137,155,166
ForegroundNormal=197,212,221
ForegroundPositive=242,195,143
ForegroundVisited=154,147,225

[Colors:View]
BackgroundAlternate=60,76,85
BackgroundNormal=60,76,85
DecorationFocus=131,175,229
DecorationHover=131,175,229
ForegroundActive=127,193,202
ForegroundInactive=137,155,166
ForegroundLink=131,175,229
ForegroundNegative=242,195,143
ForegroundNeutral=137,155,166
ForegroundNormal=197,212,221
ForegroundPositive=242,195,143
ForegroundVisited=154,147,225

[Colors:Window]
BackgroundAlternate=60,76,85
BackgroundNormal=60,76,85
DecorationFocus=131,175,229
DecorationHover=131,175,229
ForegroundActive=127,193,202
ForegroundInactive=137,155,166
ForegroundLink=131,175,229
ForegroundNegative=242,195,143
ForegroundNeutral=137,155,166
ForegroundNormal=197,212,221
ForegroundPositive=242,195,143
ForegroundVisited=154,147,225

[General]
ColorScheme=Nova
Name=Nova
shadeSortColumn=true

[KDE]
contrast=4

[WM]
activeBackground=60,76,85
activeBlend=60,76,85
activeForeground=197,212,221
inactiveBackground=60,76,85
inactiveBlend=60,76,85
inactiveForeground=137,155,166
