[ColorEffects:Disabled]
Color=56,56,56
ColorAmount=0
ColorEffect=0
ContrastAmount=0.65000000000000002
ContrastEffect=1
IntensityAmount=0.10000000000000001
IntensityEffect=2

[ColorEffects:Inactive]
ChangeSelectionColor=true
Color=112,111,110
ColorAmount=0.025000000000000001
ColorEffect=2
ContrastAmount=0.10000000000000001
ContrastEffect=2
Enable=false
IntensityAmount=0
IntensityEffect=0


[Colors:Button]
BackgroundAlternate=19,21,19
BackgroundNormal=19,21,19
DecorationFocus=230,25,60
DecorationHover=230,25,60
ForegroundActive=41,163,41
ForegroundInactive=128,153,128
ForegroundLink=61,98,245
ForegroundNegative=230,25,195
ForegroundNeutral=128,153,128
ForegroundNormal=140,166,140
ForegroundPositive=25,153,179
ForegroundVisited=173,43,238

[Colors:Selection]
BackgroundAlternate=230,25,60
BackgroundNormal=230,25,60
DecorationFocus=230,25,60
DecorationHover=230,25,60
ForegroundActive=41,163,41
ForegroundInactive=36,41,36
ForegroundLink=61,98,245
ForegroundNegative=230,25,195
ForegroundNeutral=128,153,128
ForegroundNormal=36,41,36
ForegroundPositive=25,153,179
ForegroundVisited=173,43,238

[Colors:Tooltip]
BackgroundAlternate=19,21,19
BackgroundNormal=19,21,19
DecorationFocus=230,25,60
DecorationHover=230,25,60
ForegroundActive=41,163,41
ForegroundInactive=128,153,128
ForegroundLink=61,98,245
ForegroundNegative=230,25,195
ForegroundNeutral=128,153,128
ForegroundNormal=140,166,140
ForegroundPositive=25,153,179
ForegroundVisited=173,43,238

[Colors:View]
BackgroundAlternate=19,21,19
BackgroundNormal=19,21,19
DecorationFocus=230,25,60
DecorationHover=230,25,60
ForegroundActive=41,163,41
ForegroundInactive=128,153,128
ForegroundLink=61,98,245
ForegroundNegative=230,25,195
ForegroundNeutral=128,153,128
ForegroundNormal=140,166,140
ForegroundPositive=25,153,179
ForegroundVisited=173,43,238

[Colors:Window]
BackgroundAlternate=19,21,19
BackgroundNormal=19,21,19
DecorationFocus=230,25,60
DecorationHover=230,25,60
ForegroundActive=41,163,41
ForegroundInactive=128,153,128
ForegroundLink=61,98,245
ForegroundNegative=230,25,195
ForegroundNeutral=128,153,128
ForegroundNormal=140,166,140
ForegroundPositive=25,153,179
ForegroundVisited=173,43,238

[General]
ColorScheme=Atelier Seaside
Name=Atelier Seaside
shadeSortColumn=true

[KDE]
contrast=4

[WM]
activeBackground=19,21,19
activeBlend=19,21,19
activeForeground=140,166,140
inactiveBackground=19,21,19
inactiveBlend=19,21,19
inactiveForeground=128,153,128
