[ColorEffects:Disabled]
Color=56,56,56
ColorAmount=0
ColorEffect=0
ContrastAmount=0.65000000000000002
ContrastEffect=1
IntensityAmount=0.10000000000000001
IntensityEffect=2

[ColorEffects:Inactive]
ChangeSelectionColor=true
Color=112,111,110
ColorAmount=0.025000000000000001
ColorEffect=2
ContrastAmount=0.10000000000000001
ContrastEffect=2
Enable=false
IntensityAmount=0
IntensityEffect=0


[Colors:Button]
BackgroundAlternate=40,33,28
BackgroundNormal=40,33,28
DecorationFocus=207,106,76
DecorationHover=207,106,76
ForegroundActive=84,190,13
ForegroundInactive=121,121,119
ForegroundLink=94,166,234
ForegroundNegative=147,113,33
ForegroundNeutral=121,121,119
ForegroundNormal=138,137,134
ForegroundPositive=175,196,219
ForegroundVisited=155,133,157

[Colors:Selection]
BackgroundAlternate=207,106,76
BackgroundNormal=207,106,76
DecorationFocus=207,106,76
DecorationHover=207,106,76
ForegroundActive=84,190,13
ForegroundInactive=54,49,46
ForegroundLink=94,166,234
ForegroundNegative=147,113,33
ForegroundNeutral=121,121,119
ForegroundNormal=54,49,46
ForegroundPositive=175,196,219
ForegroundVisited=155,133,157

[Colors:Tooltip]
BackgroundAlternate=40,33,28
BackgroundNormal=40,33,28
DecorationFocus=207,106,76
DecorationHover=207,106,76
ForegroundActive=84,190,13
ForegroundInactive=121,121,119
ForegroundLink=94,166,234
ForegroundNegative=147,113,33
ForegroundNeutral=121,121,119
ForegroundNormal=138,137,134
ForegroundPositive=175,196,219
ForegroundVisited=155,133,157

[Colors:View]
BackgroundAlternate=40,33,28
BackgroundNormal=40,33,28
DecorationFocus=207,106,76
DecorationHover=207,106,76
ForegroundActive=84,190,13
ForegroundInactive=121,121,119
ForegroundLink=94,166,234
ForegroundNegative=147,113,33
ForegroundNeutral=121,121,119
ForegroundNormal=138,137,134
ForegroundPositive=175,196,219
ForegroundVisited=155,133,157

[Colors:Window]
BackgroundAlternate=40,33,28
BackgroundNormal=40,33,28
DecorationFocus=207,106,76
DecorationHover=207,106,76
ForegroundActive=84,190,13
ForegroundInactive=121,121,119
ForegroundLink=94,166,234
ForegroundNegative=147,113,33
ForegroundNeutral=121,121,119
ForegroundNormal=138,137,134
ForegroundPositive=175,196,219
ForegroundVisited=155,133,157

[General]
ColorScheme=Bespin
Name=Bespin
shadeSortColumn=true

[KDE]
contrast=4

[WM]
activeBackground=40,33,28
activeBlend=40,33,28
activeForeground=138,137,134
inactiveBackground=40,33,28
inactiveBlend=40,33,28
inactiveForeground=121,121,119
