[ColorEffects:Disabled]
Color=56,56,56
ColorAmount=0
ColorEffect=0
ContrastAmount=0.65000000000000002
ContrastEffect=1
IntensityAmount=0.10000000000000001
IntensityEffect=2

[ColorEffects:Inactive]
ChangeSelectionColor=true
Color=112,111,110
ColorAmount=0.025000000000000001
ColorEffect=2
ContrastAmount=0.10000000000000001
ContrastEffect=2
Enable=false
IntensityAmount=0
IntensityEffect=0


[Colors:Button]
BackgroundAlternate=231,231,233
BackgroundNormal=231,231,233
DecorationFocus=236,34,88
DecorationHover=202,18,67
ForegroundActive=80,161,79
ForegroundInactive=105,108,119
ForegroundLink=64,120,242
ForegroundNegative=152,104,1
ForegroundNeutral=105,108,119
ForegroundNormal=56,58,66
ForegroundPositive=1,132,188
ForegroundVisited=166,38,164

[Colors:Selection]
BackgroundAlternate=236,34,88
BackgroundNormal=236,34,88
DecorationFocus=236,34,88
DecorationHover=202,18,67
ForegroundActive=80,161,79
ForegroundInactive=223,223,225
ForegroundLink=64,120,242
ForegroundNegative=152,104,1
ForegroundNeutral=105,108,119
ForegroundNormal=223,223,225
ForegroundPositive=1,132,188
ForegroundVisited=166,38,164

[Colors:Tooltip]
BackgroundAlternate=231,231,233
BackgroundNormal=231,231,233
DecorationFocus=236,34,88
DecorationHover=202,18,67
ForegroundActive=80,161,79
ForegroundInactive=105,108,119
ForegroundLink=64,120,242
ForegroundNegative=152,104,1
ForegroundNeutral=105,108,119
ForegroundNormal=56,58,66
ForegroundPositive=1,132,188
ForegroundVisited=166,38,164

[Colors:View]
BackgroundAlternate=250,250,250
BackgroundNormal=240,240,241
DecorationFocus=236,34,88
DecorationHover=202,18,67
ForegroundActive=80,161,79
ForegroundInactive=105,108,119
ForegroundLink=64,120,242
ForegroundNegative=152,104,1
ForegroundNeutral=105,108,119
ForegroundNormal=56,58,66
ForegroundPositive=1,132,188
ForegroundVisited=166,38,164

[Colors:Window]
BackgroundAlternate=250,250,250
BackgroundNormal=240,240,241
DecorationFocus=236,34,88
DecorationHover=202,18,67
ForegroundActive=80,161,79
ForegroundInactive=105,108,119
ForegroundLink=64,120,242
ForegroundNegative=152,104,1
ForegroundNeutral=105,108,119
ForegroundNormal=56,58,66
ForegroundPositive=1,132,188
ForegroundVisited=166,38,164

[General]
ColorScheme=One Light
Name=One Light
shadeSortColumn=true

[KDE]
contrast=4

[WM]
activeBackground=231,231,233
activeBlend=231,231,233
activeForeground=56,58,66
inactiveBackground=250,250,250
inactiveBlend=250,250,250
inactiveForeground=105,108,119
