[ColorEffects:Disabled]
Color=56,56,56
ColorAmount=0
ColorEffect=0
ContrastAmount=0.65000000000000002
ContrastEffect=1
IntensityAmount=0.10000000000000001
IntensityEffect=2

[ColorEffects:Inactive]
ChangeSelectionColor=true
Color=112,111,110
ColorAmount=0.025000000000000001
ColorEffect=2
ContrastAmount=0.10000000000000001
ContrastEffect=2
Enable=false
IntensityAmount=0
IntensityEffect=0


[Colors:Button]
BackgroundAlternate=28,40,54
BackgroundNormal=28,40,54
DecorationFocus=249,85,95
DecorationHover=249,85,95
ForegroundActive=32,175,137
ForegroundInactive=161,161,161
ForegroundLink=88,156,245
ForegroundNegative=124,42,47
ForegroundNeutral=161,161,161
ForegroundNormal=187,187,187
ForegroundPositive=30,158,230
ForegroundVisited=147,77,149

[Colors:Selection]
BackgroundAlternate=249,85,95
BackgroundNormal=249,85,95
DecorationFocus=249,85,95
DecorationHover=249,85,95
ForegroundActive=32,175,137
ForegroundInactive=0,0,0
ForegroundLink=88,156,245
ForegroundNegative=124,42,47
ForegroundNeutral=161,161,161
ForegroundNormal=0,0,0
ForegroundPositive=30,158,230
ForegroundVisited=147,77,149

[Colors:Tooltip]
BackgroundAlternate=28,40,54
BackgroundNormal=28,40,54
DecorationFocus=249,85,95
DecorationHover=249,85,95
ForegroundActive=32,175,137
ForegroundInactive=161,161,161
ForegroundLink=88,156,245
ForegroundNegative=124,42,47
ForegroundNeutral=161,161,161
ForegroundNormal=187,187,187
ForegroundPositive=30,158,230
ForegroundVisited=147,77,149

[Colors:View]
BackgroundAlternate=28,28,28
BackgroundNormal=56,56,56
DecorationFocus=249,85,95
DecorationHover=249,85,95
ForegroundActive=32,175,137
ForegroundInactive=161,161,161
ForegroundLink=88,156,245
ForegroundNegative=124,42,47
ForegroundNeutral=161,161,161
ForegroundNormal=187,187,187
ForegroundPositive=30,158,230
ForegroundVisited=147,77,149

[Colors:Window]
BackgroundAlternate=28,28,28
BackgroundNormal=56,56,56
DecorationFocus=249,85,95
DecorationHover=249,85,95
ForegroundActive=32,175,137
ForegroundInactive=161,161,161
ForegroundLink=88,156,245
ForegroundNegative=124,42,47
ForegroundNeutral=161,161,161
ForegroundNormal=187,187,187
ForegroundPositive=30,158,230
ForegroundVisited=147,77,149

[General]
ColorScheme=Galaxy
Name=Galaxy
shadeSortColumn=true

[KDE]
contrast=4

[WM]
activeBackground=56,56,56
activeBlend=56,56,56
activeForeground=187,187,187
inactiveBackground=28,28,28
inactiveBlend=28,28,28
inactiveForeground=161,161,161
