[ColorEffects:Disabled]
Color=56,56,56
ColorAmount=0
ColorEffect=0
ContrastAmount=0.65000000000000002
ContrastEffect=1
IntensityAmount=0.10000000000000001
IntensityEffect=2

[ColorEffects:Inactive]
ChangeSelectionColor=true
Color=112,111,110
ColorAmount=0.025000000000000001
ColorEffect=2
ContrastAmount=0.10000000000000001
ContrastEffect=2
Enable=false
IntensityAmount=0
IntensityEffect=0


[Colors:Button]
BackgroundAlternate=34,34,34
BackgroundNormal=34,34,34
DecorationFocus=169,85,81
DecorationHover=169,85,81
ForegroundActive=102,102,102
ForegroundInactive=173,155,140
ForegroundLink=101,125,62
ForegroundNegative=84,42,40
ForegroundNeutral=173,155,140
ForegroundNormal=208,184,163
ForegroundPositive=201,201,201
ForegroundVisited=118,118,118

[Colors:Selection]
BackgroundAlternate=169,85,81
BackgroundNormal=169,85,81
DecorationFocus=169,85,81
DecorationHover=169,85,81
ForegroundActive=102,102,102
ForegroundInactive=56,56,56
ForegroundLink=101,125,62
ForegroundNegative=84,42,40
ForegroundNeutral=173,155,140
ForegroundNormal=56,56,56
ForegroundPositive=201,201,201
ForegroundVisited=118,118,118

[Colors:Tooltip]
BackgroundAlternate=34,34,34
BackgroundNormal=34,34,34
DecorationFocus=169,85,81
DecorationHover=169,85,81
ForegroundActive=102,102,102
ForegroundInactive=173,155,140
ForegroundLink=101,125,62
ForegroundNegative=84,42,40
ForegroundNeutral=173,155,140
ForegroundNormal=208,184,163
ForegroundPositive=201,201,201
ForegroundVisited=118,118,118

[Colors:View]
BackgroundAlternate=23,23,23
BackgroundNormal=47,47,47
DecorationFocus=169,85,81
DecorationHover=169,85,81
ForegroundActive=102,102,102
ForegroundInactive=173,155,140
ForegroundLink=101,125,62
ForegroundNegative=84,42,40
ForegroundNeutral=173,155,140
ForegroundNormal=208,184,163
ForegroundPositive=201,201,201
ForegroundVisited=118,118,118

[Colors:Window]
BackgroundAlternate=23,23,23
BackgroundNormal=47,47,47
DecorationFocus=169,85,81
DecorationHover=169,85,81
ForegroundActive=102,102,102
ForegroundInactive=173,155,140
ForegroundLink=101,125,62
ForegroundNegative=84,42,40
ForegroundNeutral=173,155,140
ForegroundNormal=208,184,163
ForegroundPositive=201,201,201
ForegroundVisited=118,118,118

[General]
ColorScheme=N0tch2k
Name=N0tch2k
shadeSortColumn=true

[KDE]
contrast=4

[WM]
activeBackground=47,47,47
activeBlend=47,47,47
activeForeground=208,184,163
inactiveBackground=23,23,23
inactiveBlend=23,23,23
inactiveForeground=173,155,140
