[ColorEffects:Disabled]
Color=56,56,56
ColorAmount=0
ColorEffect=0
ContrastAmount=0.65000000000000002
ContrastEffect=1
IntensityAmount=0.10000000000000001
IntensityEffect=2

[ColorEffects:Inactive]
ChangeSelectionColor=true
Color=112,111,110
ColorAmount=0.025000000000000001
ColorEffect=2
ContrastAmount=0.10000000000000001
ContrastEffect=2
Enable=false
IntensityAmount=0
IntensityEffect=0


[Colors:Button]
BackgroundAlternate=29,29,29
BackgroundNormal=29,29,29
DecorationFocus=206,62,96
DecorationHover=206,62,96
ForegroundActive=123,183,91
ForegroundInactive=208,210,206
ForegroundLink=76,153,211
ForegroundNegative=103,31,48
ForegroundNeutral=208,210,206
ForegroundNormal=249,250,246
ForegroundPositive=56,154,172
ForegroundVisited=165,127,196

[Colors:Selection]
BackgroundAlternate=206,62,96
BackgroundNormal=206,62,96
DecorationFocus=206,62,96
DecorationHover=206,62,96
ForegroundActive=123,183,91
ForegroundInactive=52,56,53
ForegroundLink=76,153,211
ForegroundNegative=103,31,48
ForegroundNeutral=208,210,206
ForegroundNormal=52,56,53
ForegroundPositive=56,154,172
ForegroundVisited=165,127,196

[Colors:Tooltip]
BackgroundAlternate=29,29,29
BackgroundNormal=29,29,29
DecorationFocus=206,62,96
DecorationHover=206,62,96
ForegroundActive=123,183,91
ForegroundInactive=208,210,206
ForegroundLink=76,153,211
ForegroundNegative=103,31,48
ForegroundNeutral=208,210,206
ForegroundNormal=249,250,246
ForegroundPositive=56,154,172
ForegroundVisited=165,127,196

[Colors:View]
BackgroundAlternate=29,30,29
BackgroundNormal=58,60,58
DecorationFocus=206,62,96
DecorationHover=206,62,96
ForegroundActive=123,183,91
ForegroundInactive=208,210,206
ForegroundLink=76,153,211
ForegroundNegative=103,31,48
ForegroundNeutral=208,210,206
ForegroundNormal=249,250,246
ForegroundPositive=56,154,172
ForegroundVisited=165,127,196

[Colors:Window]
BackgroundAlternate=29,30,29
BackgroundNormal=58,60,58
DecorationFocus=206,62,96
DecorationHover=206,62,96
ForegroundActive=123,183,91
ForegroundInactive=208,210,206
ForegroundLink=76,153,211
ForegroundNegative=103,31,48
ForegroundNeutral=208,210,206
ForegroundNormal=249,250,246
ForegroundPositive=56,154,172
ForegroundVisited=165,127,196

[General]
ColorScheme=Japanesque
Name=Japanesque
shadeSortColumn=true

[KDE]
contrast=4

[WM]
activeBackground=58,60,58
activeBlend=58,60,58
activeForeground=249,250,246
inactiveBackground=29,30,29
inactiveBlend=29,30,29
inactiveForeground=208,210,206
