[ColorEffects:Disabled]
Color=56,56,56
ColorAmount=0
ColorEffect=0
ContrastAmount=0.65000000000000002
ContrastEffect=1
IntensityAmount=0.10000000000000001
IntensityEffect=2

[ColorEffects:Inactive]
ChangeSelectionColor=true
Color=112,111,110
ColorAmount=0.025000000000000001
ColorEffect=2
ContrastAmount=0.10000000000000001
ContrastEffect=2
Enable=false
IntensityAmount=0
IntensityEffect=0


[Colors:Button]
BackgroundAlternate=44,28,21
BackgroundNormal=44,28,21
DecorationFocus=239,87,52
DecorationHover=239,87,52
ForegroundActive=43,175,43
ForegroundInactive=168,168,168
ForegroundLink=36,109,178
ForegroundNegative=119,43,26
ForegroundNeutral=168,168,168
ForegroundNormal=191,191,191
ForegroundPositive=0,172,238
ForegroundVisited=207,94,192

[Colors:Selection]
BackgroundAlternate=239,87,52
BackgroundNormal=239,87,52
DecorationFocus=239,87,52
DecorationHover=239,87,52
ForegroundActive=43,175,43
ForegroundInactive=44,29,22
ForegroundLink=36,109,178
ForegroundNegative=119,43,26
ForegroundNeutral=168,168,168
ForegroundNormal=44,29,22
ForegroundPositive=0,172,238
ForegroundVisited=207,94,192

[Colors:Tooltip]
BackgroundAlternate=44,28,21
BackgroundNormal=44,28,21
DecorationFocus=239,87,52
DecorationHover=239,87,52
ForegroundActive=43,175,43
ForegroundInactive=168,168,168
ForegroundLink=36,109,178
ForegroundNegative=119,43,26
ForegroundNeutral=168,168,168
ForegroundNormal=191,191,191
ForegroundPositive=0,172,238
ForegroundVisited=207,94,192

[Colors:View]
BackgroundAlternate=34,34,34
BackgroundNormal=68,68,68
DecorationFocus=239,87,52
DecorationHover=239,87,52
ForegroundActive=43,175,43
ForegroundInactive=168,168,168
ForegroundLink=36,109,178
ForegroundNegative=119,43,26
ForegroundNeutral=168,168,168
ForegroundNormal=191,191,191
ForegroundPositive=0,172,238
ForegroundVisited=207,94,192

[Colors:Window]
BackgroundAlternate=34,34,34
BackgroundNormal=68,68,68
DecorationFocus=239,87,52
DecorationHover=239,87,52
ForegroundActive=43,175,43
ForegroundInactive=168,168,168
ForegroundLink=36,109,178
ForegroundNegative=119,43,26
ForegroundNeutral=168,168,168
ForegroundNormal=191,191,191
ForegroundPositive=0,172,238
ForegroundVisited=207,94,192

[General]
ColorScheme=Jackie Brown
Name=Jackie Brown
shadeSortColumn=true

[KDE]
contrast=4

[WM]
activeBackground=68,68,68
activeBlend=68,68,68
activeForeground=191,191,191
inactiveBackground=34,34,34
inactiveBlend=34,34,34
inactiveForeground=168,168,168
