[ColorEffects:Disabled]
Color=56,56,56
ColorAmount=0
ColorEffect=0
ContrastAmount=0.65000000000000002
ContrastEffect=1
IntensityAmount=0.10000000000000001
IntensityEffect=2

[ColorEffects:Inactive]
ChangeSelectionColor=true
Color=112,111,110
ColorAmount=0.025000000000000001
ColorEffect=2
ContrastAmount=0.10000000000000001
ContrastEffect=2
Enable=false
IntensityAmount=0
IntensityEffect=0


[Colors:Button]
BackgroundAlternate=20,20,20
BackgroundNormal=20,20,20
DecorationFocus=192,108,67
DecorationHover=192,108,67
ForegroundActive=175,185,121
ForegroundInactive=200,200,167
ForegroundLink=68,70,73
ForegroundNegative=96,54,33
ForegroundNeutral=200,200,167
ForegroundNormal=254,255,211
ForegroundPositive=119,130,132
ForegroundVisited=180,190,123

[Colors:Selection]
BackgroundAlternate=192,108,67
BackgroundNormal=192,108,67
DecorationFocus=192,108,67
DecorationHover=192,108,67
ForegroundActive=175,185,121
ForegroundInactive=20,20,20
ForegroundLink=68,70,73
ForegroundNegative=96,54,33
ForegroundNeutral=200,200,167
ForegroundNormal=20,20,20
ForegroundPositive=119,130,132
ForegroundVisited=180,190,123

[Colors:Tooltip]
BackgroundAlternate=20,20,20
BackgroundNormal=20,20,20
DecorationFocus=192,108,67
DecorationHover=192,108,67
ForegroundActive=175,185,121
ForegroundInactive=200,200,167
ForegroundLink=68,70,73
ForegroundNegative=96,54,33
ForegroundNeutral=200,200,167
ForegroundNormal=254,255,211
ForegroundPositive=119,130,132
ForegroundVisited=180,190,123

[Colors:View]
BackgroundAlternate=12,12,12
BackgroundNormal=25,25,25
DecorationFocus=192,108,67
DecorationHover=192,108,67
ForegroundActive=175,185,121
ForegroundInactive=200,200,167
ForegroundLink=68,70,73
ForegroundNegative=96,54,33
ForegroundNeutral=200,200,167
ForegroundNormal=254,255,211
ForegroundPositive=119,130,132
ForegroundVisited=180,190,123

[Colors:Window]
BackgroundAlternate=12,12,12
BackgroundNormal=25,25,25
DecorationFocus=192,108,67
DecorationHover=192,108,67
ForegroundActive=175,185,121
ForegroundInactive=200,200,167
ForegroundLink=68,70,73
ForegroundNegative=96,54,33
ForegroundNeutral=200,200,167
ForegroundNormal=254,255,211
ForegroundPositive=119,130,132
ForegroundVisited=180,190,123

[General]
ColorScheme=Twilight
Name=Twilight
shadeSortColumn=true

[KDE]
contrast=4

[WM]
activeBackground=25,25,25
activeBlend=25,25,25
activeForeground=254,255,211
inactiveBackground=12,12,12
inactiveBlend=12,12,12
inactiveForeground=200,200,167
