[ColorEffects:Disabled]
Color=56,56,56
ColorAmount=0
ColorEffect=0
ContrastAmount=0.65000000000000002
ContrastEffect=1
IntensityAmount=0.10000000000000001
IntensityEffect=2

[ColorEffects:Inactive]
ChangeSelectionColor=true
Color=112,111,110
ColorAmount=0.025000000000000001
ColorEffect=2
ContrastAmount=0.10000000000000001
ContrastEffect=2
Enable=false
IntensityAmount=0
IntensityEffect=0


[Colors:Button]
BackgroundAlternate=118,36,35
BackgroundNormal=118,36,35
DecorationFocus=213,46,77
DecorationHover=213,46,77
ForegroundActive=113,190,107
ForegroundInactive=170,170,170
ForegroundLink=71,155,237
ForegroundNegative=106,23,38
ForegroundNeutral=170,170,170
ForegroundNormal=214,214,214
ForegroundPositive=107,190,184
ForegroundVisited=232,120,214

[Colors:Selection]
BackgroundAlternate=213,46,77
BackgroundNormal=213,46,77
DecorationFocus=213,46,77
DecorationHover=213,46,77
ForegroundActive=113,190,107
ForegroundInactive=0,0,0
ForegroundLink=71,155,237
ForegroundNegative=106,23,38
ForegroundNeutral=170,170,170
ForegroundNormal=0,0,0
ForegroundPositive=107,190,184
ForegroundVisited=232,120,214

[Colors:Tooltip]
BackgroundAlternate=118,36,35
BackgroundNormal=118,36,35
DecorationFocus=213,46,77
DecorationHover=213,46,77
ForegroundActive=113,190,107
ForegroundInactive=170,170,170
ForegroundLink=71,155,237
ForegroundNegative=106,23,38
ForegroundNeutral=170,170,170
ForegroundNormal=214,214,214
ForegroundPositive=107,190,184
ForegroundVisited=232,120,214

[Colors:View]
BackgroundAlternate=12,12,12
BackgroundNormal=25,25,25
DecorationFocus=213,46,77
DecorationHover=213,46,77
ForegroundActive=113,190,107
ForegroundInactive=170,170,170
ForegroundLink=71,155,237
ForegroundNegative=106,23,38
ForegroundNeutral=170,170,170
ForegroundNormal=214,214,214
ForegroundPositive=107,190,184
ForegroundVisited=232,120,214

[Colors:Window]
BackgroundAlternate=12,12,12
BackgroundNormal=25,25,25
DecorationFocus=213,46,77
DecorationHover=213,46,77
ForegroundActive=113,190,107
ForegroundInactive=170,170,170
ForegroundLink=71,155,237
ForegroundNegative=106,23,38
ForegroundNeutral=170,170,170
ForegroundNormal=214,214,214
ForegroundPositive=107,190,184
ForegroundVisited=232,120,214

[General]
ColorScheme=Red Alert
Name=Red Alert
shadeSortColumn=true

[KDE]
contrast=4

[WM]
activeBackground=25,25,25
activeBlend=25,25,25
activeForeground=214,214,214
inactiveBackground=12,12,12
inactiveBlend=12,12,12
inactiveForeground=170,170,170
