[ColorEffects:Disabled]
Color=56,56,56
ColorAmount=0
ColorEffect=0
ContrastAmount=0.65000000000000002
ContrastEffect=1
IntensityAmount=0.10000000000000001
IntensityEffect=2

[ColorEffects:Inactive]
ChangeSelectionColor=true
Color=112,111,110
ColorAmount=0.025000000000000001
ColorEffect=2
ContrastAmount=0.10000000000000001
ContrastEffect=2
Enable=false
IntensityAmount=0
IntensityEffect=0


[Colors:Button]
BackgroundAlternate=41,42,68
BackgroundNormal=41,42,68
DecorationFocus=221,118,85
DecorationHover=221,118,85
ForegroundActive=4,219,180
ForegroundInactive=195,195,212
ForegroundLink=122,165,255
ForegroundNegative=110,59,42
ForegroundNeutral=195,195,212
ForegroundNormal=227,226,232
ForegroundPositive=86,211,193
ForegroundVisited=190,155,248

[Colors:Selection]
BackgroundAlternate=221,118,85
BackgroundNormal=221,118,85
DecorationFocus=221,118,85
DecorationHover=221,118,85
ForegroundActive=4,219,180
ForegroundInactive=18,19,29
ForegroundLink=122,165,255
ForegroundNegative=110,59,42
ForegroundNeutral=195,195,212
ForegroundNormal=18,19,29
ForegroundPositive=86,211,193
ForegroundVisited=190,155,248

[Colors:Tooltip]
BackgroundAlternate=41,42,68
BackgroundNormal=41,42,68
DecorationFocus=221,118,85
DecorationHover=221,118,85
ForegroundActive=4,219,180
ForegroundInactive=195,195,212
ForegroundLink=122,165,255
ForegroundNegative=110,59,42
ForegroundNeutral=195,195,212
ForegroundNormal=227,226,232
ForegroundPositive=86,211,193
ForegroundVisited=190,155,248

[Colors:View]
BackgroundAlternate=34,34,51
BackgroundNormal=68,68,102
DecorationFocus=221,118,85
DecorationHover=221,118,85
ForegroundActive=4,219,180
ForegroundInactive=195,195,212
ForegroundLink=122,165,255
ForegroundNegative=110,59,42
ForegroundNeutral=195,195,212
ForegroundNormal=227,226,232
ForegroundPositive=86,211,193
ForegroundVisited=190,155,248

[Colors:Window]
BackgroundAlternate=34,34,51
BackgroundNormal=68,68,102
DecorationFocus=221,118,85
DecorationHover=221,118,85
ForegroundActive=4,219,180
ForegroundInactive=195,195,212
ForegroundLink=122,165,255
ForegroundNegative=110,59,42
ForegroundNeutral=195,195,212
ForegroundNormal=227,226,232
ForegroundPositive=86,211,193
ForegroundVisited=190,155,248

[General]
ColorScheme=rebecca
Name=rebecca
shadeSortColumn=true

[KDE]
contrast=4

[WM]
activeBackground=68,68,102
activeBlend=68,68,102
activeForeground=227,226,232
inactiveBackground=34,34,51
inactiveBlend=34,34,51
inactiveForeground=195,195,212
