[ColorEffects:Disabled]
Color=56,56,56
ColorAmount=0
ColorEffect=0
ContrastAmount=0.65000000000000002
ContrastEffect=1
IntensityAmount=0.10000000000000001
IntensityEffect=2

[ColorEffects:Inactive]
ChangeSelectionColor=true
Color=112,111,110
ColorAmount=0.025000000000000001
ColorEffect=2
ContrastAmount=0.10000000000000001
ContrastEffect=2
Enable=false
IntensityAmount=0
IntensityEffect=0


[Colors:Button]
BackgroundAlternate=27,29,30
BackgroundNormal=27,29,30
DecorationFocus=230,219,67
DecorationHover=230,219,67
ForegroundActive=200,190,70
ForegroundInactive=167,168,163
ForegroundLink=115,112,116
ForegroundNegative=115,109,33
ForegroundNeutral=167,168,163
ForegroundNormal=197,197,190
ForegroundPositive=97,95,94
ForegroundVisited=115,114,113

[Colors:Selection]
BackgroundAlternate=230,219,67
BackgroundNormal=230,219,67
DecorationFocus=230,219,67
DecorationHover=230,219,67
ForegroundActive=200,190,70
ForegroundInactive=27,29,30
ForegroundLink=115,112,116
ForegroundNegative=115,109,33
ForegroundNeutral=167,168,163
ForegroundNormal=27,29,30
ForegroundPositive=97,95,94
ForegroundVisited=115,114,113

[Colors:Tooltip]
BackgroundAlternate=27,29,30
BackgroundNormal=27,29,30
DecorationFocus=230,219,67
DecorationHover=230,219,67
ForegroundActive=200,190,70
ForegroundInactive=167,168,163
ForegroundLink=115,112,116
ForegroundNegative=115,109,33
ForegroundNeutral=167,168,163
ForegroundNormal=197,197,190
ForegroundPositive=97,95,94
ForegroundVisited=115,114,113

[Colors:View]
BackgroundAlternate=26,27,28
BackgroundNormal=53,55,56
DecorationFocus=230,219,67
DecorationHover=230,219,67
ForegroundActive=200,190,70
ForegroundInactive=167,168,163
ForegroundLink=115,112,116
ForegroundNegative=115,109,33
ForegroundNeutral=167,168,163
ForegroundNormal=197,197,190
ForegroundPositive=97,95,94
ForegroundVisited=115,114,113

[Colors:Window]
BackgroundAlternate=26,27,28
BackgroundNormal=53,55,56
DecorationFocus=230,219,67
DecorationHover=230,219,67
ForegroundActive=200,190,70
ForegroundInactive=167,168,163
ForegroundLink=115,112,116
ForegroundNegative=115,109,33
ForegroundNeutral=167,168,163
ForegroundNormal=197,197,190
ForegroundPositive=97,95,94
ForegroundVisited=115,114,113

[General]
ColorScheme=Batman
Name=Batman
shadeSortColumn=true

[KDE]
contrast=4

[WM]
activeBackground=53,55,56
activeBlend=53,55,56
activeForeground=197,197,190
inactiveBackground=26,27,28
inactiveBlend=26,27,28
inactiveForeground=167,168,163
