[ColorEffects:Disabled]
Color=56,56,56
ColorAmount=0
ColorEffect=0
ContrastAmount=0.65000000000000002
ContrastEffect=1
IntensityAmount=0.10000000000000001
IntensityEffect=2

[ColorEffects:Inactive]
ChangeSelectionColor=true
Color=112,111,110
ColorAmount=0.025000000000000001
ColorEffect=2
ContrastAmount=0.10000000000000001
ContrastEffect=2
Enable=false
IntensityAmount=0
IntensityEffect=0


[Colors:Button]
BackgroundAlternate=34,34,34
BackgroundNormal=34,34,34
DecorationFocus=140,52,50
DecorationHover=140,52,50
ForegroundActive=114,130,113
ForegroundInactive=164,153,140
ForegroundLink=105,128,158
ForegroundNegative=70,26,25
ForegroundNeutral=164,153,140
ForegroundNormal=185,170,153
ForegroundPositive=91,131,144
ForegroundVisited=137,100,146

[Colors:Selection]
BackgroundAlternate=140,52,50
BackgroundNormal=140,52,50
DecorationFocus=140,52,50
DecorationHover=140,52,50
ForegroundActive=114,130,113
ForegroundInactive=32,31,31
ForegroundLink=105,128,158
ForegroundNegative=70,26,25
ForegroundNeutral=164,153,140
ForegroundNormal=32,31,31
ForegroundPositive=91,131,144
ForegroundVisited=137,100,146

[Colors:Tooltip]
BackgroundAlternate=34,34,34
BackgroundNormal=34,34,34
DecorationFocus=140,52,50
DecorationHover=140,52,50
ForegroundActive=114,130,113
ForegroundInactive=164,153,140
ForegroundLink=105,128,158
ForegroundNegative=70,26,25
ForegroundNeutral=164,153,140
ForegroundNormal=185,170,153
ForegroundPositive=91,131,144
ForegroundVisited=137,100,146

[Colors:View]
BackgroundAlternate=34,34,34
BackgroundNormal=68,68,68
DecorationFocus=140,52,50
DecorationHover=140,52,50
ForegroundActive=114,130,113
ForegroundInactive=164,153,140
ForegroundLink=105,128,158
ForegroundNegative=70,26,25
ForegroundNeutral=164,153,140
ForegroundNormal=185,170,153
ForegroundPositive=91,131,144
ForegroundVisited=137,100,146

[Colors:Window]
BackgroundAlternate=34,34,34
BackgroundNormal=68,68,68
DecorationFocus=140,52,50
DecorationHover=140,52,50
ForegroundActive=114,130,113
ForegroundInactive=164,153,140
ForegroundLink=105,128,158
ForegroundNegative=70,26,25
ForegroundNeutral=164,153,140
ForegroundNormal=185,170,153
ForegroundPositive=91,131,144
ForegroundVisited=137,100,146

[General]
ColorScheme=Red Planet
Name=Red Planet
shadeSortColumn=true

[KDE]
contrast=4

[WM]
activeBackground=68,68,68
activeBlend=68,68,68
activeForeground=185,170,153
inactiveBackground=34,34,34
inactiveBlend=34,34,34
inactiveForeground=164,153,140
