[ColorEffects:Disabled]
Color=56,56,56
ColorAmount=0
ColorEffect=0
ContrastAmount=0.65000000000000002
ContrastEffect=1
IntensityAmount=0.10000000000000001
IntensityEffect=2

[ColorEffects:Inactive]
ChangeSelectionColor=true
Color=112,111,110
ColorAmount=0.025000000000000001
ColorEffect=2
ContrastAmount=0.10000000000000001
ContrastEffect=2
Enable=false
IntensityAmount=0
IntensityEffect=0


[Colors:Button]
BackgroundAlternate=8,19,26
BackgroundNormal=8,19,26
DecorationFocus=209,80,35
DecorationHover=209,80,35
ForegroundActive=2,124,155
ForegroundInactive=183,156,126
ForegroundLink=30,73,80
ForegroundNegative=104,40,17
ForegroundNeutral=183,156,126
ForegroundNormal=222,184,141
ForegroundPositive=80,163,181
ForegroundVisited=104,211,241

[Colors:Selection]
BackgroundAlternate=209,80,35
BackgroundNormal=209,80,35
DecorationFocus=209,80,35
DecorationHover=209,80,35
ForegroundActive=2,124,155
ForegroundInactive=23,56,76
ForegroundLink=30,73,80
ForegroundNegative=104,40,17
ForegroundNeutral=183,156,126
ForegroundNormal=23,56,76
ForegroundPositive=80,163,181
ForegroundVisited=104,211,241

[Colors:Tooltip]
BackgroundAlternate=8,19,26
BackgroundNormal=8,19,26
DecorationFocus=209,80,35
DecorationHover=209,80,35
ForegroundActive=2,124,155
ForegroundInactive=183,156,126
ForegroundLink=30,73,80
ForegroundNegative=104,40,17
ForegroundNeutral=183,156,126
ForegroundNormal=222,184,141
ForegroundPositive=80,163,181
ForegroundVisited=104,211,241

[Colors:View]
BackgroundAlternate=22,25,27
BackgroundNormal=44,50,54
DecorationFocus=209,80,35
DecorationHover=209,80,35
ForegroundActive=2,124,155
ForegroundInactive=183,156,126
ForegroundLink=30,73,80
ForegroundNegative=104,40,17
ForegroundNeutral=183,156,126
ForegroundNormal=222,184,141
ForegroundPositive=80,163,181
ForegroundVisited=104,211,241

[Colors:Window]
BackgroundAlternate=22,25,27
BackgroundNormal=44,50,54
DecorationFocus=209,80,35
DecorationHover=209,80,35
ForegroundActive=2,124,155
ForegroundInactive=183,156,126
ForegroundLink=30,73,80
ForegroundNegative=104,40,17
ForegroundNeutral=183,156,126
ForegroundNormal=222,184,141
ForegroundPositive=80,163,181
ForegroundVisited=104,211,241

[General]
ColorScheme=SeaShells
Name=SeaShells
shadeSortColumn=true

[KDE]
contrast=4

[WM]
activeBackground=44,50,54
activeBlend=44,50,54
activeForeground=222,184,141
inactiveBackground=22,25,27
inactiveBlend=22,25,27
inactiveForeground=183,156,126
