[ColorEffects:Disabled]
Color=56,56,56
ColorAmount=0
ColorEffect=0
ContrastAmount=0.65000000000000002
ContrastEffect=1
IntensityAmount=0.10000000000000001
IntensityEffect=2

[ColorEffects:Inactive]
ChangeSelectionColor=true
Color=112,111,110
ColorAmount=0.025000000000000001
ColorEffect=2
ContrastAmount=0.10000000000000001
ContrastEffect=2
Enable=false
IntensityAmount=0
IntensityEffect=0


[Colors:Button]
BackgroundAlternate=19,37,55
BackgroundNormal=19,37,55
DecorationFocus=201,73,34
DecorationHover=201,73,34
ForegroundActive=172,151,57
ForegroundInactive=140,146,172
ForegroundLink=61,143,209
ForegroundNegative=100,36,17
ForegroundNeutral=140,146,172
ForegroundNormal=151,157,180
ForegroundPositive=34,162,201
ForegroundVisited=102,121,204

[Colors:Selection]
BackgroundAlternate=201,73,34
BackgroundNormal=201,73,34
DecorationFocus=201,73,34
DecorationHover=201,73,34
ForegroundActive=172,151,57
ForegroundInactive=32,39,70
ForegroundLink=61,143,209
ForegroundNegative=100,36,17
ForegroundNeutral=140,146,172
ForegroundNormal=32,39,70
ForegroundPositive=34,162,201
ForegroundVisited=102,121,204

[Colors:Tooltip]
BackgroundAlternate=19,37,55
BackgroundNormal=19,37,55
DecorationFocus=201,73,34
DecorationHover=201,73,34
ForegroundActive=172,151,57
ForegroundInactive=140,146,172
ForegroundLink=61,143,209
ForegroundNegative=100,36,17
ForegroundNeutral=140,146,172
ForegroundNormal=151,157,180
ForegroundPositive=34,162,201
ForegroundVisited=102,121,204

[Colors:View]
BackgroundAlternate=35,38,49
BackgroundNormal=71,76,98
DecorationFocus=201,73,34
DecorationHover=201,73,34
ForegroundActive=172,151,57
ForegroundInactive=140,146,172
ForegroundLink=61,143,209
ForegroundNegative=100,36,17
ForegroundNeutral=140,146,172
ForegroundNormal=151,157,180
ForegroundPositive=34,162,201
ForegroundVisited=102,121,204

[Colors:Window]
BackgroundAlternate=35,38,49
BackgroundNormal=71,76,98
DecorationFocus=201,73,34
DecorationHover=201,73,34
ForegroundActive=172,151,57
ForegroundInactive=140,146,172
ForegroundLink=61,143,209
ForegroundNegative=100,36,17
ForegroundNeutral=140,146,172
ForegroundNormal=151,157,180
ForegroundPositive=34,162,201
ForegroundVisited=102,121,204

[General]
ColorScheme=Hivacruz
Name=Hivacruz
shadeSortColumn=true

[KDE]
contrast=4

[WM]
activeBackground=71,76,98
activeBlend=71,76,98
activeForeground=151,157,180
inactiveBackground=35,38,49
inactiveBlend=35,38,49
inactiveForeground=140,146,172
