[ColorEffects:Disabled]
Color=56,56,56
ColorAmount=0
ColorEffect=0
ContrastAmount=0.65000000000000002
ContrastEffect=1
IntensityAmount=0.10000000000000001
IntensityEffect=2

[ColorEffects:Inactive]
ChangeSelectionColor=true
Color=112,111,110
ColorAmount=0.025000000000000001
ColorEffect=2
ContrastAmount=0.10000000000000001
ContrastEffect=2
Enable=false
IntensityAmount=0
IntensityEffect=0


[Colors:Button]
BackgroundAlternate=20,20,20
BackgroundNormal=20,20,20
DecorationFocus=179,69,56
DecorationHover=179,69,56
ForegroundActive=88,119,68
ForegroundInactive=191,189,183
ForegroundLink=32,110,197
ForegroundNegative=89,34,28
ForegroundNeutral=191,189,183
ForegroundNormal=241,238,231
ForegroundPositive=172,145,102
ForegroundVisited=134,70,81

[Colors:Selection]
BackgroundAlternate=179,69,56
BackgroundNormal=179,69,56
DecorationFocus=179,69,56
DecorationHover=179,69,56
ForegroundActive=88,119,68
ForegroundInactive=25,25,24
ForegroundLink=32,110,197
ForegroundNegative=89,34,28
ForegroundNeutral=191,189,183
ForegroundNormal=25,25,24
ForegroundPositive=172,145,102
ForegroundVisited=134,70,81

[Colors:Tooltip]
BackgroundAlternate=20,20,20
BackgroundNormal=20,20,20
DecorationFocus=179,69,56
DecorationHover=179,69,56
ForegroundActive=88,119,68
ForegroundInactive=191,189,183
ForegroundLink=32,110,197
ForegroundNegative=89,34,28
ForegroundNeutral=191,189,183
ForegroundNormal=241,238,231
ForegroundPositive=172,145,102
ForegroundVisited=134,70,81

[Colors:View]
BackgroundAlternate=14,14,14
BackgroundNormal=29,28,28
DecorationFocus=179,69,56
DecorationHover=179,69,56
ForegroundActive=88,119,68
ForegroundInactive=191,189,183
ForegroundLink=32,110,197
ForegroundNegative=89,34,28
ForegroundNeutral=191,189,183
ForegroundNormal=241,238,231
ForegroundPositive=172,145,102
ForegroundVisited=134,70,81

[Colors:Window]
BackgroundAlternate=14,14,14
BackgroundNormal=29,28,28
DecorationFocus=179,69,56
DecorationHover=179,69,56
ForegroundActive=88,119,68
ForegroundInactive=191,189,183
ForegroundLink=32,110,197
ForegroundNegative=89,34,28
ForegroundNeutral=191,189,183
ForegroundNormal=241,238,231
ForegroundPositive=172,145,102
ForegroundVisited=134,70,81

[General]
ColorScheme=Hacktober
Name=Hacktober
shadeSortColumn=true

[KDE]
contrast=4

[WM]
activeBackground=29,28,28
activeBlend=29,28,28
activeForeground=241,238,231
inactiveBackground=14,14,14
inactiveBlend=14,14,14
inactiveForeground=191,189,183
