[ColorEffects:Disabled]
Color=56,56,56
ColorAmount=0
ColorEffect=0
ContrastAmount=0.65000000000000002
ContrastEffect=1
IntensityAmount=0.10000000000000001
IntensityEffect=2

[ColorEffects:Inactive]
ChangeSelectionColor=true
Color=112,111,110
ColorAmount=0.025000000000000001
ColorEffect=2
ContrastAmount=0.10000000000000001
ContrastEffect=2
Enable=false
IntensityAmount=0
IntensityEffect=0


[Colors:Button]
BackgroundAlternate=50,50,50
BackgroundNormal=50,50,50
DecorationFocus=210,81,81
DecorationHover=210,81,81
ForegroundActive=165,194,97
ForegroundInactive=199,199,197
ForegroundLink=108,153,187
ForegroundNegative=105,40,40
ForegroundNeutral=199,199,197
ForegroundNormal=238,238,236
ForegroundPositive=190,214,255
ForegroundVisited=209,151,217

[Colors:Selection]
BackgroundAlternate=210,81,81
BackgroundNormal=210,81,81
DecorationFocus=210,81,81
DecorationHover=210,81,81
ForegroundActive=165,194,97
ForegroundInactive=52,52,52
ForegroundLink=108,153,187
ForegroundNegative=105,40,40
ForegroundNeutral=199,199,197
ForegroundNormal=52,52,52
ForegroundPositive=190,214,255
ForegroundVisited=209,151,217

[Colors:Tooltip]
BackgroundAlternate=50,50,50
BackgroundNormal=50,50,50
DecorationFocus=210,81,81
DecorationHover=210,81,81
ForegroundActive=165,194,97
ForegroundInactive=199,199,197
ForegroundLink=108,153,187
ForegroundNegative=105,40,40
ForegroundNeutral=199,199,197
ForegroundNormal=238,238,236
ForegroundPositive=190,214,255
ForegroundVisited=209,151,217

[Colors:View]
BackgroundAlternate=27,27,27
BackgroundNormal=55,55,55
DecorationFocus=210,81,81
DecorationHover=210,81,81
ForegroundActive=165,194,97
ForegroundInactive=199,199,197
ForegroundLink=108,153,187
ForegroundNegative=105,40,40
ForegroundNeutral=199,199,197
ForegroundNormal=238,238,236
ForegroundPositive=190,214,255
ForegroundVisited=209,151,217

[Colors:Window]
BackgroundAlternate=27,27,27
BackgroundNormal=55,55,55
DecorationFocus=210,81,81
DecorationHover=210,81,81
ForegroundActive=165,194,97
ForegroundInactive=199,199,197
ForegroundLink=108,153,187
ForegroundNegative=105,40,40
ForegroundNeutral=199,199,197
ForegroundNormal=238,238,236
ForegroundPositive=190,214,255
ForegroundVisited=209,151,217

[General]
ColorScheme=Espresso
Name=Espresso
shadeSortColumn=true

[KDE]
contrast=4

[WM]
activeBackground=55,55,55
activeBlend=55,55,55
activeForeground=238,238,236
inactiveBackground=27,27,27
inactiveBlend=27,27,27
inactiveForeground=199,199,197
