[ColorEffects:Disabled]
Color=56,56,56
ColorAmount=0
ColorEffect=0
ContrastAmount=0.65000000000000002
ContrastEffect=1
IntensityAmount=0.10000000000000001
IntensityEffect=2

[ColorEffects:Inactive]
ChangeSelectionColor=true
Color=112,111,110
ColorAmount=0.025000000000000001
ColorEffect=2
ContrastAmount=0.10000000000000001
ContrastEffect=2
Enable=false
IntensityAmount=0
IntensityEffect=0


[Colors:Button]
BackgroundAlternate=15,17,21
BackgroundNormal=15,17,21
DecorationFocus=255,86,127
DecorationHover=255,86,127
ForegroundActive=0,255,155
ForegroundInactive=175,175,175
ForegroundLink=0,176,254
ForegroundNegative=127,43,63
ForegroundNeutral=175,175,175
ForegroundNormal=199,199,199
ForegroundPositive=117,193,254
ForegroundVisited=212,123,254

[Colors:Selection]
BackgroundAlternate=255,86,127
BackgroundNormal=255,86,127
DecorationFocus=255,86,127
DecorationHover=255,86,127
ForegroundActive=0,255,155
ForegroundInactive=16,17,22
ForegroundLink=0,176,254
ForegroundNegative=127,43,63
ForegroundNeutral=175,175,175
ForegroundNormal=16,17,22
ForegroundPositive=117,193,254
ForegroundVisited=212,123,254

[Colors:Tooltip]
BackgroundAlternate=15,17,21
BackgroundNormal=15,17,21
DecorationFocus=255,86,127
DecorationHover=255,86,127
ForegroundActive=0,255,155
ForegroundInactive=175,175,175
ForegroundLink=0,176,254
ForegroundNegative=127,43,63
ForegroundNeutral=175,175,175
ForegroundNormal=199,199,199
ForegroundPositive=117,193,254
ForegroundVisited=212,123,254

[Colors:View]
BackgroundAlternate=34,34,34
BackgroundNormal=68,68,68
DecorationFocus=255,86,127
DecorationHover=255,86,127
ForegroundActive=0,255,155
ForegroundInactive=175,175,175
ForegroundLink=0,176,254
ForegroundNegative=127,43,63
ForegroundNeutral=175,175,175
ForegroundNormal=199,199,199
ForegroundPositive=117,193,254
ForegroundVisited=212,123,254

[Colors:Window]
BackgroundAlternate=34,34,34
BackgroundNormal=68,68,68
DecorationFocus=255,86,127
DecorationHover=255,86,127
ForegroundActive=0,255,155
ForegroundInactive=175,175,175
ForegroundLink=0,176,254
ForegroundNegative=127,43,63
ForegroundNeutral=175,175,175
ForegroundNormal=199,199,199
ForegroundPositive=117,193,254
ForegroundVisited=212,123,254

[General]
ColorScheme=Blue Matrix
Name=Blue Matrix
shadeSortColumn=true

[KDE]
contrast=4

[WM]
activeBackground=68,68,68
activeBlend=68,68,68
activeForeground=199,199,199
inactiveBackground=34,34,34
inactiveBlend=34,34,34
inactiveForeground=175,175,175
