[ColorEffects:Disabled]
Color=56,56,56
ColorAmount=0
ColorEffect=0
ContrastAmount=0.65000000000000002
ContrastEffect=1
IntensityAmount=0.10000000000000001
IntensityEffect=2

[ColorEffects:Inactive]
ChangeSelectionColor=true
Color=112,111,110
ColorAmount=0.025000000000000001
ColorEffect=2
ContrastAmount=0.10000000000000001
ContrastEffect=2
Enable=false
IntensityAmount=0
IntensityEffect=0


[Colors:Button]
BackgroundAlternate=28,28,28
BackgroundNormal=28,28,28
DecorationFocus=205,92,92
DecorationHover=205,92,92
ForegroundActive=134,175,128
ForegroundInactive=161,144,131
ForegroundLink=100,149,237
ForegroundNegative=102,46,46
ForegroundNeutral=161,144,131
ForegroundNormal=187,170,153
ForegroundPositive=176,196,222
ForegroundVisited=222,184,135

[Colors:Selection]
BackgroundAlternate=205,92,92
BackgroundNormal=205,92,92
DecorationFocus=205,92,92
DecorationHover=205,92,92
ForegroundActive=134,175,128
ForegroundInactive=61,53,42
ForegroundLink=100,149,237
ForegroundNegative=102,46,46
ForegroundNeutral=161,144,131
ForegroundNormal=61,53,42
ForegroundPositive=176,196,222
ForegroundVisited=222,184,135

[Colors:Tooltip]
BackgroundAlternate=28,28,28
BackgroundNormal=28,28,28
DecorationFocus=205,92,92
DecorationHover=205,92,92
ForegroundActive=134,175,128
ForegroundInactive=161,144,131
ForegroundLink=100,149,237
ForegroundNegative=102,46,46
ForegroundNeutral=161,144,131
ForegroundNormal=187,170,153
ForegroundPositive=176,196,222
ForegroundVisited=222,184,135

[Colors:View]
BackgroundAlternate=28,22,22
BackgroundNormal=56,45,45
DecorationFocus=205,92,92
DecorationHover=205,92,92
ForegroundActive=134,175,128
ForegroundInactive=161,144,131
ForegroundLink=100,149,237
ForegroundNegative=102,46,46
ForegroundNeutral=161,144,131
ForegroundNormal=187,170,153
ForegroundPositive=176,196,222
ForegroundVisited=222,184,135

[Colors:Window]
BackgroundAlternate=28,22,22
BackgroundNormal=56,45,45
DecorationFocus=205,92,92
DecorationHover=205,92,92
ForegroundActive=134,175,128
ForegroundInactive=161,144,131
ForegroundLink=100,149,237
ForegroundNegative=102,46,46
ForegroundNeutral=161,144,131
ForegroundNormal=187,170,153
ForegroundPositive=176,196,222
ForegroundVisited=222,184,135

[General]
ColorScheme=Arthur
Name=Arthur
shadeSortColumn=true

[KDE]
contrast=4

[WM]
activeBackground=56,45,45
activeBlend=56,45,45
activeForeground=187,170,153
inactiveBackground=28,22,22
inactiveBlend=28,22,22
inactiveForeground=161,144,131
