[ColorEffects:Disabled]
Color=56,56,56
ColorAmount=0
ColorEffect=0
ContrastAmount=0.65000000000000002
ContrastEffect=1
IntensityAmount=0.10000000000000001
IntensityEffect=2

[ColorEffects:Inactive]
ChangeSelectionColor=true
Color=112,111,110
ColorAmount=0.025000000000000001
ColorEffect=2
ContrastAmount=0.10000000000000001
ContrastEffect=2
Enable=false
IntensityAmount=0
IntensityEffect=0


[Colors:Button]
BackgroundAlternate=18,18,19
BackgroundNormal=18,18,19
DecorationFocus=185,57,52
DecorationHover=185,57,52
ForegroundActive=144,119,62
ForegroundInactive=150,134,132
ForegroundLink=94,98,180
ForegroundNegative=92,28,26
ForegroundNeutral=150,134,132
ForegroundNormal=175,154,145
ForegroundPositive=142,174,169
ForegroundVisited=160,124,123

[Colors:Selection]
BackgroundAlternate=185,57,52
BackgroundNormal=185,57,52
DecorationFocus=185,57,52
DecorationHover=185,57,52
ForegroundActive=144,119,62
ForegroundInactive=87,32,0
ForegroundLink=94,98,180
ForegroundNegative=92,28,26
ForegroundNeutral=150,134,132
ForegroundNormal=87,32,0
ForegroundPositive=142,174,169
ForegroundVisited=160,124,123

[Colors:Tooltip]
BackgroundAlternate=18,18,19
BackgroundNormal=18,18,19
DecorationFocus=185,57,52
DecorationHover=185,57,52
ForegroundActive=144,119,62
ForegroundInactive=150,134,132
ForegroundLink=94,98,180
ForegroundNegative=92,28,26
ForegroundNeutral=150,134,132
ForegroundNormal=175,154,145
ForegroundPositive=142,174,169
ForegroundVisited=160,124,123

[Colors:View]
BackgroundAlternate=26,25,32
BackgroundNormal=52,50,64
DecorationFocus=185,57,52
DecorationHover=185,57,52
ForegroundActive=144,119,62
ForegroundInactive=150,134,132
ForegroundLink=94,98,180
ForegroundNegative=92,28,26
ForegroundNeutral=150,134,132
ForegroundNormal=175,154,145
ForegroundPositive=142,174,169
ForegroundVisited=160,124,123

[Colors:Window]
BackgroundAlternate=26,25,32
BackgroundNormal=52,50,64
DecorationFocus=185,57,52
DecorationHover=185,57,52
ForegroundActive=144,119,62
ForegroundInactive=150,134,132
ForegroundLink=94,98,180
ForegroundNegative=92,28,26
ForegroundNeutral=150,134,132
ForegroundNormal=175,154,145
ForegroundPositive=142,174,169
ForegroundVisited=160,124,123

[General]
ColorScheme=SleepyHollow
Name=SleepyHollow
shadeSortColumn=true

[KDE]
contrast=4

[WM]
activeBackground=52,50,64
activeBlend=52,50,64
activeForeground=175,154,145
inactiveBackground=26,25,32
inactiveBlend=26,25,32
inactiveForeground=150,134,132
