[ColorEffects:Disabled]
Color=56,56,56
ColorAmount=0
ColorEffect=0
ContrastAmount=0.65000000000000002
ContrastEffect=1
IntensityAmount=0.10000000000000001
IntensityEffect=2

[ColorEffects:Inactive]
ChangeSelectionColor=true
Color=112,111,110
ColorAmount=0.025000000000000001
ColorEffect=2
ContrastAmount=0.10000000000000001
ContrastEffect=2
Enable=false
IntensityAmount=0
IntensityEffect=0


[Colors:Button]
BackgroundAlternate=33,33,33
BackgroundNormal=33,33,33
DecorationFocus=177,73,86
DecorationHover=177,73,86
ForegroundActive=145,179,119
ForegroundInactive=154,159,166
ForegroundLink=123,143,164
ForegroundNegative=88,36,43
ForegroundNeutral=154,159,166
ForegroundNormal=178,184,194
ForegroundPositive=127,204,203
ForegroundVisited=165,119,158

[Colors:Selection]
BackgroundAlternate=177,73,86
BackgroundNormal=177,73,86
DecorationFocus=177,73,86
DecorationHover=177,73,86
ForegroundActive=145,179,119
ForegroundInactive=21,23,28
ForegroundLink=123,143,164
ForegroundNegative=88,36,43
ForegroundNeutral=154,159,166
ForegroundNormal=21,23,28
ForegroundPositive=127,204,203
ForegroundVisited=165,119,158

[Colors:Tooltip]
BackgroundAlternate=33,33,33
BackgroundNormal=33,33,33
DecorationFocus=177,73,86
DecorationHover=177,73,86
ForegroundActive=145,179,119
ForegroundInactive=154,159,166
ForegroundLink=123,143,164
ForegroundNegative=88,36,43
ForegroundNeutral=154,159,166
ForegroundNormal=178,184,194
ForegroundPositive=127,204,203
ForegroundVisited=165,119,158

[Colors:View]
BackgroundAlternate=28,28,28
BackgroundNormal=56,56,56
DecorationFocus=177,73,86
DecorationHover=177,73,86
ForegroundActive=145,179,119
ForegroundInactive=154,159,166
ForegroundLink=123,143,164
ForegroundNegative=88,36,43
ForegroundNeutral=154,159,166
ForegroundNormal=178,184,194
ForegroundPositive=127,204,203
ForegroundVisited=165,119,158

[Colors:Window]
BackgroundAlternate=28,28,28
BackgroundNormal=56,56,56
DecorationFocus=177,73,86
DecorationHover=177,73,86
ForegroundActive=145,179,119
ForegroundInactive=154,159,166
ForegroundLink=123,143,164
ForegroundNegative=88,36,43
ForegroundNeutral=154,159,166
ForegroundNormal=178,184,194
ForegroundPositive=127,204,203
ForegroundVisited=165,119,158

[General]
ColorScheme=SpaceGray Eighties Dull
Name=SpaceGray Eighties Dull
shadeSortColumn=true

[KDE]
contrast=4

[WM]
activeBackground=56,56,56
activeBlend=56,56,56
activeForeground=178,184,194
inactiveBackground=28,28,28
inactiveBlend=28,28,28
inactiveForeground=154,159,166
