[ColorEffects:Disabled]
Color=56,56,56
ColorAmount=0
ColorEffect=0
ContrastAmount=0.65000000000000002
ContrastEffect=1
IntensityAmount=0.10000000000000001
IntensityEffect=2

[ColorEffects:Inactive]
ChangeSelectionColor=true
Color=112,111,110
ColorAmount=0.025000000000000001
ColorEffect=2
ContrastAmount=0.10000000000000001
ContrastEffect=2
Enable=false
IntensityAmount=0
IntensityEffect=0


[Colors:Button]
BackgroundAlternate=33,32,36
BackgroundNormal=33,32,36
DecorationFocus=171,46,48
DecorationHover=171,46,48
ForegroundActive=49,171,96
ForegroundInactive=126,119,137
ForegroundLink=44,86,171
ForegroundNegative=85,23,24
ForegroundNeutral=126,119,137
ForegroundNormal=138,141,171
ForegroundPositive=31,165,171
ForegroundVisited=175,132,39

[Colors:Selection]
BackgroundAlternate=171,46,48
BackgroundNormal=171,46,48
DecorationFocus=171,46,48
DecorationHover=171,46,48
ForegroundActive=49,171,96
ForegroundInactive=0,0,0
ForegroundLink=44,86,171
ForegroundNegative=85,23,24
ForegroundNeutral=126,119,137
ForegroundNormal=0,0,0
ForegroundPositive=31,165,171
ForegroundVisited=175,132,39

[Colors:Tooltip]
BackgroundAlternate=33,32,36
BackgroundNormal=33,32,36
DecorationFocus=171,46,48
DecorationHover=171,46,48
ForegroundActive=49,171,96
ForegroundInactive=126,119,137
ForegroundLink=44,86,171
ForegroundNegative=85,23,24
ForegroundNeutral=126,119,137
ForegroundNormal=138,141,171
ForegroundPositive=31,165,171
ForegroundVisited=175,132,39

[Colors:View]
BackgroundAlternate=30,18,12
BackgroundNormal=60,36,24
DecorationFocus=171,46,48
DecorationHover=171,46,48
ForegroundActive=49,171,96
ForegroundInactive=126,119,137
ForegroundLink=44,86,171
ForegroundNegative=85,23,24
ForegroundNeutral=126,119,137
ForegroundNormal=138,141,171
ForegroundPositive=31,165,171
ForegroundVisited=175,132,39

[Colors:Window]
BackgroundAlternate=30,18,12
BackgroundNormal=60,36,24
DecorationFocus=171,46,48
DecorationHover=171,46,48
ForegroundActive=49,171,96
ForegroundInactive=126,119,137
ForegroundLink=44,86,171
ForegroundNegative=85,23,24
ForegroundNeutral=126,119,137
ForegroundNormal=138,141,171
ForegroundPositive=31,165,171
ForegroundVisited=175,132,39

[General]
ColorScheme=Ollie
Name=Ollie
shadeSortColumn=true

[KDE]
contrast=4

[WM]
activeBackground=60,36,24
activeBlend=60,36,24
activeForeground=138,141,171
inactiveBackground=30,18,12
inactiveBlend=30,18,12
inactiveForeground=126,119,137
