[ColorEffects:Disabled]
Color=56,56,56
ColorAmount=0
ColorEffect=0
ContrastAmount=0.65000000000000002
ContrastEffect=1
IntensityAmount=0.10000000000000001
IntensityEffect=2

[ColorEffects:Inactive]
ChangeSelectionColor=true
Color=112,111,110
ColorAmount=0.025000000000000001
ColorEffect=2
ContrastAmount=0.10000000000000001
ContrastEffect=2
Enable=false
IntensityAmount=0
IntensityEffect=0


[Colors:Button]
BackgroundAlternate=22,20,35
BackgroundNormal=22,20,35
DecorationFocus=236,33,96
DecorationHover=236,33,96
ForegroundActive=31,169,27
ForegroundInactive=140,138,146
ForegroundLink=72,124,244
ForegroundNegative=118,16,48
ForegroundNeutral=140,138,146
ForegroundNormal=158,158,160
ForegroundPositive=58,221,237
ForegroundVisited=140,53,200

[Colors:Selection]
BackgroundAlternate=236,33,96
BackgroundNormal=236,33,96
DecorationFocus=236,33,96
DecorationHover=236,33,96
ForegroundActive=31,169,27
ForegroundInactive=45,40,62
ForegroundLink=72,124,244
ForegroundNegative=118,16,48
ForegroundNeutral=140,138,146
ForegroundNormal=45,40,62
ForegroundPositive=58,221,237
ForegroundVisited=140,53,200

[Colors:Tooltip]
BackgroundAlternate=22,20,35
BackgroundNormal=22,20,35
DecorationFocus=236,33,96
DecorationHover=236,33,96
ForegroundActive=31,169,27
ForegroundInactive=140,138,146
ForegroundLink=72,124,244
ForegroundNegative=118,16,48
ForegroundNeutral=140,138,146
ForegroundNormal=158,158,160
ForegroundPositive=58,221,237
ForegroundVisited=140,53,200

[Colors:View]
BackgroundAlternate=29,26,35
BackgroundNormal=58,53,70
DecorationFocus=236,33,96
DecorationHover=236,33,96
ForegroundActive=31,169,27
ForegroundInactive=140,138,146
ForegroundLink=72,124,244
ForegroundNegative=118,16,48
ForegroundNeutral=140,138,146
ForegroundNormal=158,158,160
ForegroundPositive=58,221,237
ForegroundVisited=140,53,200

[Colors:Window]
BackgroundAlternate=29,26,35
BackgroundNormal=58,53,70
DecorationFocus=236,33,96
DecorationHover=236,33,96
ForegroundActive=31,169,27
ForegroundInactive=140,138,146
ForegroundLink=72,124,244
ForegroundNegative=118,16,48
ForegroundNeutral=140,138,146
ForegroundNormal=158,158,160
ForegroundPositive=58,221,237
ForegroundVisited=140,53,200

[General]
ColorScheme=Grape
Name=Grape
shadeSortColumn=true

[KDE]
contrast=4

[WM]
activeBackground=58,53,70
activeBlend=58,53,70
activeForeground=158,158,160
inactiveBackground=29,26,35
inactiveBlend=29,26,35
inactiveForeground=140,138,146
