[ColorEffects:Disabled]
Color=56,56,56
ColorAmount=0
ColorEffect=0
ContrastAmount=0.65000000000000002
ContrastEffect=1
IntensityAmount=0.10000000000000001
IntensityEffect=2

[ColorEffects:Inactive]
ChangeSelectionColor=true
Color=112,111,110
ColorAmount=0.025000000000000001
ColorEffect=2
ContrastAmount=0.10000000000000001
ContrastEffect=2
Enable=false
IntensityAmount=0
IntensityEffect=0


[Colors:Button]
BackgroundAlternate=19,29,66
BackgroundNormal=19,29,66
DecorationFocus=148,19,229
DecorationHover=148,19,229
ForegroundActive=116,175,104
ForegroundInactive=184,190,186
ForegroundLink=51,143,134
ForegroundNegative=127,33,33
ForegroundNeutral=184,190,186
ForegroundNormal=225,225,225
ForegroundPositive=35,215,215
ForegroundVisited=148,19,229

[Colors:Selection]
BackgroundAlternate=148,19,229
BackgroundNormal=148,19,229
DecorationFocus=148,19,229
DecorationHover=148,19,229
ForegroundActive=116,175,104
ForegroundInactive=0,0,0
ForegroundLink=51,143,134
ForegroundNegative=127,33,33
ForegroundNeutral=184,190,186
ForegroundNormal=0,0,0
ForegroundPositive=35,215,215
ForegroundVisited=148,19,229

[Colors:Tooltip]
BackgroundAlternate=19,29,66
BackgroundNormal=19,29,66
DecorationFocus=148,19,229
DecorationHover=148,19,229
ForegroundActive=116,175,104
ForegroundInactive=184,190,186
ForegroundLink=51,143,134
ForegroundNegative=127,33,33
ForegroundNeutral=184,190,186
ForegroundNormal=225,225,225
ForegroundPositive=35,215,215
ForegroundVisited=148,19,229

[Colors:View]
BackgroundAlternate=20,28,24
BackgroundNormal=41,56,48
DecorationFocus=148,19,229
DecorationHover=148,19,229
ForegroundActive=116,175,104
ForegroundInactive=184,190,186
ForegroundLink=51,143,134
ForegroundNegative=127,33,33
ForegroundNeutral=184,190,186
ForegroundNormal=225,225,225
ForegroundPositive=35,215,215
ForegroundVisited=148,19,229

[Colors:Window]
BackgroundAlternate=20,28,24
BackgroundNormal=41,56,48
DecorationFocus=148,19,229
DecorationHover=148,19,229
ForegroundActive=116,175,104
ForegroundInactive=184,190,186
ForegroundLink=51,143,134
ForegroundNegative=127,33,33
ForegroundNeutral=184,190,186
ForegroundNormal=225,225,225
ForegroundPositive=35,215,215
ForegroundVisited=148,19,229

[General]
ColorScheme=Pandora Purple
Name=Pandora Purple
shadeSortColumn=true

[KDE]
contrast=4

[WM]
activeBackground=41,56,48
activeBlend=41,56,48
activeForeground=225,225,225
inactiveBackground=20,28,24
inactiveBlend=20,28,24
inactiveForeground=184,190,186
