[ColorEffects:Disabled]
Color=56,56,56
ColorAmount=0
ColorEffect=0
ContrastAmount=0.65000000000000002
ContrastEffect=1
IntensityAmount=0.10000000000000001
IntensityEffect=2

[ColorEffects:Inactive]
ChangeSelectionColor=true
Color=112,111,110
ColorAmount=0.025000000000000001
ColorEffect=2
ContrastAmount=0.10000000000000001
ContrastEffect=2
Enable=false
IntensityAmount=0
IntensityEffect=0


[Colors:Button]
BackgroundAlternate=63,63,63
BackgroundNormal=63,63,63
DecorationFocus=248,31,251
DecorationHover=248,31,251
ForegroundActive=56,177,57
ForegroundInactive=220,201,186
ForegroundLink=66,96,197
ForegroundNegative=113,33,34
ForegroundNeutral=220,201,186
ForegroundNormal=208,184,163
ForegroundPositive=41,186,211
ForegroundVisited=248,31,251

[Colors:Selection]
BackgroundAlternate=248,31,251
BackgroundNormal=248,31,251
DecorationFocus=248,31,251
DecorationHover=248,31,251
ForegroundActive=56,177,57
ForegroundInactive=0,0,0
ForegroundLink=66,96,197
ForegroundNegative=113,33,34
ForegroundNeutral=220,201,186
ForegroundNormal=0,0,0
ForegroundPositive=41,186,211
ForegroundVisited=248,31,251

[Colors:Tooltip]
BackgroundAlternate=63,63,63
BackgroundNormal=63,63,63
DecorationFocus=248,31,251
DecorationHover=248,31,251
ForegroundActive=56,177,57
ForegroundInactive=220,201,186
ForegroundLink=66,96,197
ForegroundNegative=113,33,34
ForegroundNeutral=220,201,186
ForegroundNormal=208,184,163
ForegroundPositive=41,186,211
ForegroundVisited=248,31,251

[Colors:View]
BackgroundAlternate=84,84,84
BackgroundNormal=168,168,168
DecorationFocus=248,31,251
DecorationHover=248,31,251
ForegroundActive=56,177,57
ForegroundInactive=220,201,186
ForegroundLink=66,96,197
ForegroundNegative=113,33,34
ForegroundNeutral=220,201,186
ForegroundNormal=208,184,163
ForegroundPositive=41,186,211
ForegroundVisited=248,31,251

[Colors:Window]
BackgroundAlternate=84,84,84
BackgroundNormal=168,168,168
DecorationFocus=248,31,251
DecorationHover=248,31,251
ForegroundActive=56,177,57
ForegroundInactive=220,201,186
ForegroundLink=66,96,197
ForegroundNegative=113,33,34
ForegroundNeutral=220,201,186
ForegroundNormal=208,184,163
ForegroundPositive=41,186,211
ForegroundVisited=248,31,251

[General]
ColorScheme=WarmNeon Purple
Name=WarmNeon Purple
shadeSortColumn=true

[KDE]
contrast=4

[WM]
activeBackground=168,168,168
activeBlend=168,168,168
activeForeground=208,184,163
inactiveBackground=84,84,84
inactiveBlend=84,84,84
inactiveForeground=220,201,186
