[ColorEffects:Disabled]
Color=56,56,56
ColorAmount=0
ColorEffect=0
ContrastAmount=0.65000000000000002
ContrastEffect=1
IntensityAmount=0.10000000000000001
IntensityEffect=2

[ColorEffects:Inactive]
ChangeSelectionColor=true
Color=112,111,110
ColorAmount=0.025000000000000001
ColorEffect=2
ContrastAmount=0.10000000000000001
ContrastEffect=2
Enable=false
IntensityAmount=0
IntensityEffect=0


[Colors:Button]
BackgroundAlternate=13,15,24
BackgroundNormal=13,15,24
DecorationFocus=108,67,165
DecorationHover=108,67,165
ForegroundActive=140,224,10
ForegroundInactive=208,208,208
ForegroundLink=0,141,248
ForegroundNegative=127,0,7
ForegroundNeutral=208,208,208
ForegroundNormal=255,255,255
ForegroundPositive=0,215,235
ForegroundVisited=108,67,165

[Colors:Selection]
BackgroundAlternate=108,67,165
BackgroundNormal=108,67,165
DecorationFocus=108,67,165
DecorationHover=108,67,165
ForegroundActive=140,224,10
ForegroundInactive=34,34,34
ForegroundLink=0,141,248
ForegroundNegative=127,0,7
ForegroundNeutral=208,208,208
ForegroundNormal=34,34,34
ForegroundPositive=0,215,235
ForegroundVisited=108,67,165

[Colors:Tooltip]
BackgroundAlternate=13,15,24
BackgroundNormal=13,15,24
DecorationFocus=108,67,165
DecorationHover=108,67,165
ForegroundActive=140,224,10
ForegroundInactive=208,208,208
ForegroundLink=0,141,248
ForegroundNegative=127,0,7
ForegroundNeutral=208,208,208
ForegroundNormal=255,255,255
ForegroundPositive=0,215,235
ForegroundVisited=108,67,165

[Colors:View]
BackgroundAlternate=22,22,22
BackgroundNormal=45,45,45
DecorationFocus=108,67,165
DecorationHover=108,67,165
ForegroundActive=140,224,10
ForegroundInactive=208,208,208
ForegroundLink=0,141,248
ForegroundNegative=127,0,7
ForegroundNeutral=208,208,208
ForegroundNormal=255,255,255
ForegroundPositive=0,215,235
ForegroundVisited=108,67,165

[Colors:Window]
BackgroundAlternate=22,22,22
BackgroundNormal=45,45,45
DecorationFocus=108,67,165
DecorationHover=108,67,165
ForegroundActive=140,224,10
ForegroundInactive=208,208,208
ForegroundLink=0,141,248
ForegroundNegative=127,0,7
ForegroundNeutral=208,208,208
ForegroundNormal=255,255,255
ForegroundPositive=0,215,235
ForegroundVisited=108,67,165

[General]
ColorScheme=Argonaut Purple
Name=Argonaut Purple
shadeSortColumn=true

[KDE]
contrast=4

[WM]
activeBackground=45,45,45
activeBlend=45,45,45
activeForeground=255,255,255
inactiveBackground=22,22,22
inactiveBlend=22,22,22
inactiveForeground=208,208,208
