[ColorEffects:Disabled]
Color=56,56,56
ColorAmount=0
ColorEffect=0
ContrastAmount=0.65000000000000002
ContrastEffect=1
IntensityAmount=0.10000000000000001
IntensityEffect=2

[ColorEffects:Inactive]
ChangeSelectionColor=true
Color=112,111,110
ColorAmount=0.025000000000000001
ColorEffect=2
ContrastAmount=0.10000000000000001
ContrastEffect=2
Enable=false
IntensityAmount=0
IntensityEffect=0


[Colors:Button]
BackgroundAlternate=43,43,43
BackgroundNormal=43,43,43
DecorationFocus=208,208,255
DecorationHover=208,208,255
ForegroundActive=81,159,80
ForegroundInactive=203,203,203
ForegroundLink=109,156,190
ForegroundNegative=109,36,28
ForegroundNeutral=203,203,203
ForegroundNormal=255,255,255
ForegroundPositive=110,156,190
ForegroundVisited=208,208,255

[Colors:Selection]
BackgroundAlternate=208,208,255
BackgroundNormal=208,208,255
DecorationFocus=208,208,255
DecorationHover=208,208,255
ForegroundActive=81,159,80
ForegroundInactive=0,0,0
ForegroundLink=109,156,190
ForegroundNegative=109,36,28
ForegroundNeutral=203,203,203
ForegroundNormal=0,0,0
ForegroundPositive=110,156,190
ForegroundVisited=208,208,255

[Colors:Tooltip]
BackgroundAlternate=43,43,43
BackgroundNormal=43,43,43
DecorationFocus=208,208,255
DecorationHover=208,208,255
ForegroundActive=81,159,80
ForegroundInactive=203,203,203
ForegroundLink=109,156,190
ForegroundNegative=109,36,28
ForegroundNeutral=203,203,203
ForegroundNormal=255,255,255
ForegroundPositive=110,156,190
ForegroundVisited=208,208,255

[Colors:View]
BackgroundAlternate=16,16,16
BackgroundNormal=33,33,33
DecorationFocus=208,208,255
DecorationHover=208,208,255
ForegroundActive=81,159,80
ForegroundInactive=203,203,203
ForegroundLink=109,156,190
ForegroundNegative=109,36,28
ForegroundNeutral=203,203,203
ForegroundNormal=255,255,255
ForegroundPositive=110,156,190
ForegroundVisited=208,208,255

[Colors:Window]
BackgroundAlternate=16,16,16
BackgroundNormal=33,33,33
DecorationFocus=208,208,255
DecorationHover=208,208,255
ForegroundActive=81,159,80
ForegroundInactive=203,203,203
ForegroundLink=109,156,190
ForegroundNegative=109,36,28
ForegroundNeutral=203,203,203
ForegroundNormal=255,255,255
ForegroundPositive=110,156,190
ForegroundVisited=208,208,255

[General]
ColorScheme=Broadcast Purple
Name=Broadcast Purple
shadeSortColumn=true

[KDE]
contrast=4

[WM]
activeBackground=33,33,33
activeBlend=33,33,33
activeForeground=255,255,255
inactiveBackground=16,16,16
inactiveBlend=16,16,16
inactiveForeground=203,203,203
