[ColorEffects:Disabled]
Color=56,56,56
ColorAmount=0
ColorEffect=0
ContrastAmount=0.65000000000000002
ContrastEffect=1
IntensityAmount=0.10000000000000001
IntensityEffect=2

[ColorEffects:Inactive]
ChangeSelectionColor=true
Color=112,111,110
ColorAmount=0.025000000000000001
ColorEffect=2
ContrastAmount=0.10000000000000001
ContrastEffect=2
Enable=false
IntensityAmount=0
IntensityEffect=0


[Colors:Button]
BackgroundAlternate=40,36,32
BackgroundNormal=40,36,32
DecorationFocus=208,98,60
DecorationHover=208,98,60
ForegroundActive=132,196,75
ForegroundInactive=197,171,147
ForegroundLink=19,151,185
ForegroundNegative=100,32,26
ForegroundNeutral=197,171,147
ForegroundNormal=229,197,169
ForegroundPositive=79,148,82
ForegroundVisited=208,98,60

[Colors:Selection]
BackgroundAlternate=208,98,60
BackgroundNormal=208,98,60
DecorationFocus=208,98,60
DecorationHover=208,98,60
ForegroundActive=132,196,75
ForegroundInactive=17,20,23
ForegroundLink=19,151,185
ForegroundNegative=100,32,26
ForegroundNeutral=197,171,147
ForegroundNormal=17,20,23
ForegroundPositive=79,148,82
ForegroundVisited=208,98,60

[Colors:Tooltip]
BackgroundAlternate=40,36,32
BackgroundNormal=40,36,32
DecorationFocus=208,98,60
DecorationHover=208,98,60
ForegroundActive=132,196,75
ForegroundInactive=197,171,147
ForegroundLink=19,151,185
ForegroundNegative=100,32,26
ForegroundNeutral=197,171,147
ForegroundNormal=229,197,169
ForegroundPositive=79,148,82
ForegroundVisited=208,98,60

[Colors:View]
BackgroundAlternate=34,31,28
BackgroundNormal=68,62,56
DecorationFocus=208,98,60
DecorationHover=208,98,60
ForegroundActive=132,196,75
ForegroundInactive=197,171,147
ForegroundLink=19,151,185
ForegroundNegative=100,32,26
ForegroundNeutral=197,171,147
ForegroundNormal=229,197,169
ForegroundPositive=79,148,82
ForegroundVisited=208,98,60

[Colors:Window]
BackgroundAlternate=34,31,28
BackgroundNormal=68,62,56
DecorationFocus=208,98,60
DecorationHover=208,98,60
ForegroundActive=132,196,75
ForegroundInactive=197,171,147
ForegroundLink=19,151,185
ForegroundNegative=100,32,26
ForegroundNeutral=197,171,147
ForegroundNormal=229,197,169
ForegroundPositive=79,148,82
ForegroundVisited=208,98,60

[General]
ColorScheme=Earthsong Purple
Name=Earthsong Purple
shadeSortColumn=true

[KDE]
contrast=4

[WM]
activeBackground=68,62,56
activeBlend=68,62,56
activeForeground=229,197,169
inactiveBackground=34,31,28
inactiveBlend=34,31,28
inactiveForeground=197,171,147
