[ColorEffects:Disabled]
Color=56,56,56
ColorAmount=0
ColorEffect=0
ContrastAmount=0.65000000000000002
ContrastEffect=1
IntensityAmount=0.10000000000000001
IntensityEffect=2

[ColorEffects:Inactive]
ChangeSelectionColor=true
Color=112,111,110
ColorAmount=0.025000000000000001
ColorEffect=2
ContrastAmount=0.10000000000000001
ContrastEffect=2
Enable=false
IntensityAmount=0
IntensityEffect=0


[Colors:Button]
BackgroundAlternate=25,19,34
BackgroundNormal=25,19,34
DecorationFocus=220,57,105
DecorationHover=220,57,105
ForegroundActive=0,188,155
ForegroundInactive=198,201,205
ForegroundLink=34,232,223
ForegroundNegative=127,53,63
ForegroundNeutral=198,201,205
ForegroundNormal=241,241,241
ForegroundPositive=85,182,193
ForegroundVisited=220,57,105

[Colors:Selection]
BackgroundAlternate=220,57,105
BackgroundNormal=220,57,105
DecorationFocus=220,57,105
DecorationHover=220,57,105
ForegroundActive=0,188,155
ForegroundInactive=22,20,30
ForegroundLink=34,232,223
ForegroundNegative=127,53,63
ForegroundNeutral=198,201,205
ForegroundNormal=22,20,30
ForegroundPositive=85,182,193
ForegroundVisited=220,57,105

[Colors:Tooltip]
BackgroundAlternate=25,19,34
BackgroundNormal=25,19,34
DecorationFocus=220,57,105
DecorationHover=220,57,105
ForegroundActive=0,188,155
ForegroundInactive=198,201,205
ForegroundLink=34,232,223
ForegroundNegative=127,53,63
ForegroundNeutral=198,201,205
ForegroundNormal=241,241,241
ForegroundPositive=85,182,193
ForegroundVisited=220,57,105

[Colors:View]
BackgroundAlternate=24,27,32
BackgroundNormal=48,54,64
DecorationFocus=220,57,105
DecorationHover=220,57,105
ForegroundActive=0,188,155
ForegroundInactive=198,201,205
ForegroundLink=34,232,223
ForegroundNegative=127,53,63
ForegroundNeutral=198,201,205
ForegroundNormal=241,241,241
ForegroundPositive=85,182,193
ForegroundVisited=220,57,105

[Colors:Window]
BackgroundAlternate=24,27,32
BackgroundNormal=48,54,64
DecorationFocus=220,57,105
DecorationHover=220,57,105
ForegroundActive=0,188,155
ForegroundInactive=198,201,205
ForegroundLink=34,232,223
ForegroundNegative=127,53,63
ForegroundNeutral=198,201,205
ForegroundNormal=241,241,241
ForegroundPositive=85,182,193
ForegroundVisited=220,57,105

[General]
ColorScheme=Banana Blueberry Purple
Name=Banana Blueberry Purple
shadeSortColumn=true

[KDE]
contrast=4

[WM]
activeBackground=48,54,64
activeBlend=48,54,64
activeForeground=241,241,241
inactiveBackground=24,27,32
inactiveBlend=24,27,32
inactiveForeground=198,201,205
