[ColorEffects:Disabled]
Color=56,56,56
ColorAmount=0
ColorEffect=0
ContrastAmount=0.65000000000000002
ContrastEffect=1
IntensityAmount=0.10000000000000001
IntensityEffect=2

[ColorEffects:Inactive]
ChangeSelectionColor=true
Color=112,111,110
ColorAmount=0.025000000000000001
ColorEffect=2
ContrastAmount=0.10000000000000001
ContrastEffect=2
Enable=false
IntensityAmount=0
IntensityEffect=0


[Colors:Button]
BackgroundAlternate=28,30,32
BackgroundNormal=28,30,32
DecorationFocus=105,90,187
DecorationHover=105,90,187
ForegroundActive=158,210,100
ForegroundInactive=197,198,196
ForegroundLink=79,150,190
ForegroundNegative=120,65,28
ForegroundNeutral=197,198,196
ForegroundNormal=254,255,254
ForegroundPositive=213,56,100
ForegroundVisited=105,90,187

[Colors:Selection]
BackgroundAlternate=105,90,187
BackgroundNormal=105,90,187
DecorationFocus=105,90,187
DecorationHover=105,90,187
ForegroundActive=158,210,100
ForegroundInactive=28,29,25
ForegroundLink=79,150,190
ForegroundNegative=120,65,28
ForegroundNeutral=197,198,196
ForegroundNormal=28,29,25
ForegroundPositive=213,56,100
ForegroundVisited=105,90,187

[Colors:Tooltip]
BackgroundAlternate=28,30,32
BackgroundNormal=28,30,32
DecorationFocus=105,90,187
DecorationHover=105,90,187
ForegroundActive=158,210,100
ForegroundInactive=197,198,196
ForegroundLink=79,150,190
ForegroundNegative=120,65,28
ForegroundNeutral=197,198,196
ForegroundNormal=254,255,254
ForegroundPositive=213,56,100
ForegroundVisited=105,90,187

[Colors:View]
BackgroundAlternate=9,9,8
BackgroundNormal=18,19,16
DecorationFocus=105,90,187
DecorationHover=105,90,187
ForegroundActive=158,210,100
ForegroundInactive=197,198,196
ForegroundLink=79,150,190
ForegroundNegative=120,65,28
ForegroundNeutral=197,198,196
ForegroundNormal=254,255,254
ForegroundPositive=213,56,100
ForegroundVisited=105,90,187

[Colors:Window]
BackgroundAlternate=9,9,8
BackgroundNormal=18,19,16
DecorationFocus=105,90,187
DecorationHover=105,90,187
ForegroundActive=158,210,100
ForegroundInactive=197,198,196
ForegroundLink=79,150,190
ForegroundNegative=120,65,28
ForegroundNeutral=197,198,196
ForegroundNormal=254,255,254
ForegroundPositive=213,56,100
ForegroundVisited=105,90,187

[General]
ColorScheme=Flatland Purple
Name=Flatland Purple
shadeSortColumn=true

[KDE]
contrast=4

[WM]
activeBackground=18,19,16
activeBlend=18,19,16
activeForeground=254,255,254
inactiveBackground=9,9,8
inactiveBlend=9,9,8
inactiveForeground=197,198,196
