[ColorEffects:Disabled]
Color=56,56,56
ColorAmount=0
ColorEffect=0
ContrastAmount=0.65000000000000002
ContrastEffect=1
IntensityAmount=0.10000000000000001
IntensityEffect=2

[ColorEffects:Inactive]
ChangeSelectionColor=true
Color=112,111,110
ColorAmount=0.025000000000000001
ColorEffect=2
ContrastAmount=0.10000000000000001
ContrastEffect=2
Enable=false
IntensityAmount=0
IntensityEffect=0


[Colors:Button]
BackgroundAlternate=13,13,23
BackgroundNormal=13,13,23
DecorationFocus=254,42,108
DecorationHover=254,42,108
ForegroundActive=8,205,125
ForegroundInactive=220,220,220
ForegroundLink=48,129,223
ForegroundNegative=120,22,41
ForegroundNeutral=220,220,220
ForegroundNormal=251,251,251
ForegroundPositive=9,200,122
ForegroundVisited=254,42,108

[Colors:Selection]
BackgroundAlternate=254,42,108
BackgroundNormal=254,42,108
DecorationFocus=254,42,108
DecorationHover=254,42,108
ForegroundActive=8,205,125
ForegroundInactive=76,76,76
ForegroundLink=48,129,223
ForegroundNegative=120,22,41
ForegroundNeutral=220,220,220
ForegroundNormal=76,76,76
ForegroundPositive=9,200,122
ForegroundVisited=254,42,108

[Colors:Tooltip]
BackgroundAlternate=13,13,23
BackgroundNormal=13,13,23
DecorationFocus=254,42,108
DecorationHover=254,42,108
ForegroundActive=8,205,125
ForegroundInactive=220,220,220
ForegroundLink=48,129,223
ForegroundNegative=120,22,41
ForegroundNeutral=220,220,220
ForegroundNormal=251,251,251
ForegroundPositive=9,200,122
ForegroundVisited=254,42,108

[Colors:View]
BackgroundAlternate=42,42,42
BackgroundNormal=84,84,84
DecorationFocus=254,42,108
DecorationHover=254,42,108
ForegroundActive=8,205,125
ForegroundInactive=220,220,220
ForegroundLink=48,129,223
ForegroundNegative=120,22,41
ForegroundNeutral=220,220,220
ForegroundNormal=251,251,251
ForegroundPositive=9,200,122
ForegroundVisited=254,42,108

[Colors:Window]
BackgroundAlternate=42,42,42
BackgroundNormal=84,84,84
DecorationFocus=254,42,108
DecorationHover=254,42,108
ForegroundActive=8,205,125
ForegroundInactive=220,220,220
ForegroundLink=48,129,223
ForegroundNegative=120,22,41
ForegroundNeutral=220,220,220
ForegroundNormal=251,251,251
ForegroundPositive=9,200,122
ForegroundVisited=254,42,108

[General]
ColorScheme=Nocturnal Winter Purple
Name=Nocturnal Winter Purple
shadeSortColumn=true

[KDE]
contrast=4

[WM]
activeBackground=84,84,84
activeBlend=84,84,84
activeForeground=251,251,251
inactiveBackground=42,42,42
inactiveBlend=42,42,42
inactiveForeground=220,220,220
