[ColorEffects:Disabled]
Color=56,56,56
ColorAmount=0
ColorEffect=0
ContrastAmount=0.65000000000000002
ContrastEffect=1
IntensityAmount=0.10000000000000001
IntensityEffect=2

[ColorEffects:Inactive]
ChangeSelectionColor=true
Color=112,111,110
ColorAmount=0.025000000000000001
ColorEffect=2
ContrastAmount=0.10000000000000001
ContrastEffect=2
Enable=false
IntensityAmount=0
IntensityEffect=0


[Colors:Button]
BackgroundAlternate=0,43,54
BackgroundNormal=0,43,54
DecorationFocus=211,54,130
DecorationHover=211,54,130
ForegroundActive=133,153,0
ForegroundInactive=178,184,173
ForegroundLink=38,139,210
ForegroundNegative=110,25,23
ForegroundNeutral=178,184,173
ForegroundNormal=238,232,213
ForegroundPositive=42,161,152
ForegroundVisited=211,54,130

[Colors:Selection]
BackgroundAlternate=211,54,130
BackgroundNormal=211,54,130
DecorationFocus=211,54,130
DecorationHover=211,54,130
ForegroundActive=133,153,0
ForegroundInactive=7,54,66
ForegroundLink=38,139,210
ForegroundNegative=110,25,23
ForegroundNeutral=178,184,173
ForegroundNormal=7,54,66
ForegroundPositive=42,161,152
ForegroundVisited=211,54,130

[Colors:Tooltip]
BackgroundAlternate=0,43,54
BackgroundNormal=0,43,54
DecorationFocus=211,54,130
DecorationHover=211,54,130
ForegroundActive=133,153,0
ForegroundInactive=178,184,173
ForegroundLink=38,139,210
ForegroundNegative=110,25,23
ForegroundNeutral=178,184,173
ForegroundNormal=238,232,213
ForegroundPositive=42,161,152
ForegroundVisited=211,54,130

[Colors:View]
BackgroundAlternate=0,14,18
BackgroundNormal=0,28,36
DecorationFocus=211,54,130
DecorationHover=211,54,130
ForegroundActive=133,153,0
ForegroundInactive=178,184,173
ForegroundLink=38,139,210
ForegroundNegative=110,25,23
ForegroundNeutral=178,184,173
ForegroundNormal=238,232,213
ForegroundPositive=42,161,152
ForegroundVisited=211,54,130

[Colors:Window]
BackgroundAlternate=0,14,18
BackgroundNormal=0,28,36
DecorationFocus=211,54,130
DecorationHover=211,54,130
ForegroundActive=133,153,0
ForegroundInactive=178,184,173
ForegroundLink=38,139,210
ForegroundNegative=110,25,23
ForegroundNeutral=178,184,173
ForegroundNormal=238,232,213
ForegroundPositive=42,161,152
ForegroundVisited=211,54,130

[General]
ColorScheme=Builtin Solarized Dark Purple
Name=Builtin Solarized Dark Purple
shadeSortColumn=true

[KDE]
contrast=4

[WM]
activeBackground=0,28,36
activeBlend=0,28,36
activeForeground=238,232,213
inactiveBackground=0,14,18
inactiveBlend=0,14,18
inactiveForeground=178,184,173
