[ColorEffects:Disabled]
Color=56,56,56
ColorAmount=0
ColorEffect=0
ContrastAmount=0.65000000000000002
ContrastEffect=1
IntensityAmount=0.10000000000000001
IntensityEffect=2

[ColorEffects:Inactive]
ChangeSelectionColor=true
Color=112,111,110
ColorAmount=0.025000000000000001
ColorEffect=2
ContrastAmount=0.10000000000000001
ContrastEffect=2
Enable=false
IntensityAmount=0
IntensityEffect=0


[Colors:Button]
BackgroundAlternate=244,244,244
BackgroundNormal=244,244,244
DecorationFocus=233,70,145
DecorationHover=233,70,145
ForegroundActive=7,150,42
ForegroundInactive=216,216,216
ForegroundLink=0,62,138
ForegroundNegative=75,5,11
ForegroundNeutral=216,216,216
ForegroundNormal=255,255,255
ForegroundPositive=137,209,236
ForegroundVisited=233,70,145

[Colors:Selection]
BackgroundAlternate=233,70,145
BackgroundNormal=233,70,145
DecorationFocus=233,70,145
DecorationHover=233,70,145
ForegroundActive=7,150,42
ForegroundInactive=62,62,62
ForegroundLink=0,62,138
ForegroundNegative=75,5,11
ForegroundNeutral=216,216,216
ForegroundNormal=62,62,62
ForegroundPositive=137,209,236
ForegroundVisited=233,70,145

[Colors:Tooltip]
BackgroundAlternate=244,244,244
BackgroundNormal=244,244,244
DecorationFocus=233,70,145
DecorationHover=233,70,145
ForegroundActive=7,150,42
ForegroundInactive=216,216,216
ForegroundLink=0,62,138
ForegroundNegative=75,5,11
ForegroundNeutral=216,216,216
ForegroundNormal=255,255,255
ForegroundPositive=137,209,236
ForegroundVisited=233,70,145

[Colors:View]
BackgroundAlternate=34,34,34
BackgroundNormal=68,68,68
DecorationFocus=233,70,145
DecorationHover=233,70,145
ForegroundActive=7,150,42
ForegroundInactive=216,216,216
ForegroundLink=0,62,138
ForegroundNegative=75,5,11
ForegroundNeutral=216,216,216
ForegroundNormal=255,255,255
ForegroundPositive=137,209,236
ForegroundVisited=233,70,145

[Colors:Window]
BackgroundAlternate=34,34,34
BackgroundNormal=68,68,68
DecorationFocus=233,70,145
DecorationHover=233,70,145
ForegroundActive=7,150,42
ForegroundInactive=216,216,216
ForegroundLink=0,62,138
ForegroundNegative=75,5,11
ForegroundNeutral=216,216,216
ForegroundNormal=255,255,255
ForegroundPositive=137,209,236
ForegroundVisited=233,70,145

[General]
ColorScheme=Github Purple
Name=Github Purple
shadeSortColumn=true

[KDE]
contrast=4

[WM]
activeBackground=68,68,68
activeBlend=68,68,68
activeForeground=255,255,255
inactiveBackground=34,34,34
inactiveBlend=34,34,34
inactiveForeground=216,216,216
