[ColorEffects:Disabled]
Color=56,56,56
ColorAmount=0
ColorEffect=0
ContrastAmount=0.65000000000000002
ContrastEffect=1
IntensityAmount=0.10000000000000001
IntensityEffect=2

[ColorEffects:Inactive]
ChangeSelectionColor=true
Color=112,111,110
ColorAmount=0.025000000000000001
ColorEffect=2
ContrastAmount=0.10000000000000001
ContrastEffect=2
Enable=false
IntensityAmount=0
IntensityEffect=0


[Colors:Button]
BackgroundAlternate=32,32,32
BackgroundNormal=32,32,32
DecorationFocus=250,84,255
DecorationHover=250,84,255
ForegroundActive=18,110,0
ForegroundInactive=151,151,151
ForegroundLink=69,129,235
ForegroundNegative=125,41,42
ForegroundNeutral=151,151,151
ForegroundNormal=173,173,173
ForegroundPositive=51,194,193
ForegroundVisited=250,84,255

[Colors:Selection]
BackgroundAlternate=250,84,255
BackgroundNormal=250,84,255
DecorationFocus=250,84,255
DecorationHover=250,84,255
ForegroundActive=18,110,0
ForegroundInactive=0,0,0
ForegroundLink=69,129,235
ForegroundNegative=125,41,42
ForegroundNeutral=151,151,151
ForegroundNormal=0,0,0
ForegroundPositive=51,194,193
ForegroundVisited=250,84,255

[Colors:Tooltip]
BackgroundAlternate=32,32,32
BackgroundNormal=32,32,32
DecorationFocus=250,84,255
DecorationHover=250,84,255
ForegroundActive=18,110,0
ForegroundInactive=151,151,151
ForegroundLink=69,129,235
ForegroundNegative=125,41,42
ForegroundNeutral=151,151,151
ForegroundNormal=173,173,173
ForegroundPositive=51,194,193
ForegroundVisited=250,84,255

[Colors:View]
BackgroundAlternate=28,28,28
BackgroundNormal=56,56,56
DecorationFocus=250,84,255
DecorationHover=250,84,255
ForegroundActive=18,110,0
ForegroundInactive=151,151,151
ForegroundLink=69,129,235
ForegroundNegative=125,41,42
ForegroundNeutral=151,151,151
ForegroundNormal=173,173,173
ForegroundPositive=51,194,193
ForegroundVisited=250,84,255

[Colors:Window]
BackgroundAlternate=28,28,28
BackgroundNormal=56,56,56
DecorationFocus=250,84,255
DecorationHover=250,84,255
ForegroundActive=18,110,0
ForegroundInactive=151,151,151
ForegroundLink=69,129,235
ForegroundNegative=125,41,42
ForegroundNeutral=151,151,151
ForegroundNormal=173,173,173
ForegroundPositive=51,194,193
ForegroundVisited=250,84,255

[General]
ColorScheme=JetBrains Darcula Purple
Name=JetBrains Darcula Purple
shadeSortColumn=true

[KDE]
contrast=4

[WM]
activeBackground=56,56,56
activeBlend=56,56,56
activeForeground=173,173,173
inactiveBackground=28,28,28
inactiveBlend=28,28,28
inactiveForeground=151,151,151
