[ColorEffects:Disabled]
Color=56,56,56
ColorAmount=0
ColorEffect=0
ContrastAmount=0.65000000000000002
ContrastEffect=1
IntensityAmount=0.10000000000000001
IntensityEffect=2

[ColorEffects:Inactive]
ChangeSelectionColor=true
Color=112,111,110
ColorAmount=0.025000000000000001
ColorEffect=2
ContrastAmount=0.10000000000000001
ContrastEffect=2
Enable=false
IntensityAmount=0
IntensityEffect=0


[Colors:Button]
BackgroundAlternate=33,33,33
BackgroundNormal=33,33,33
DecorationFocus=191,131,192
DecorationHover=191,131,192
ForegroundActive=128,167,99
ForegroundInactive=199,198,194
ForegroundLink=84,133,192
ForegroundNegative=118,47,51
ForegroundNeutral=199,198,194
ForegroundNormal=238,236,231
ForegroundPositive=87,194,192
ForegroundVisited=191,131,192

[Colors:Selection]
BackgroundAlternate=191,131,192
BackgroundNormal=191,131,192
DecorationFocus=191,131,192
DecorationHover=191,131,192
ForegroundActive=128,167,99
ForegroundInactive=21,23,28
ForegroundLink=84,133,192
ForegroundNegative=118,47,51
ForegroundNeutral=199,198,194
ForegroundNormal=21,23,28
ForegroundPositive=87,194,192
ForegroundVisited=191,131,192

[Colors:Tooltip]
BackgroundAlternate=33,33,33
BackgroundNormal=33,33,33
DecorationFocus=191,131,192
DecorationHover=191,131,192
ForegroundActive=128,167,99
ForegroundInactive=199,198,194
ForegroundLink=84,133,192
ForegroundNegative=118,47,51
ForegroundNeutral=199,198,194
ForegroundNormal=238,236,231
ForegroundPositive=87,194,192
ForegroundVisited=191,131,192

[Colors:View]
BackgroundAlternate=28,28,28
BackgroundNormal=56,56,56
DecorationFocus=191,131,192
DecorationHover=191,131,192
ForegroundActive=128,167,99
ForegroundInactive=199,198,194
ForegroundLink=84,133,192
ForegroundNegative=118,47,51
ForegroundNeutral=199,198,194
ForegroundNormal=238,236,231
ForegroundPositive=87,194,192
ForegroundVisited=191,131,192

[Colors:Window]
BackgroundAlternate=28,28,28
BackgroundNormal=56,56,56
DecorationFocus=191,131,192
DecorationHover=191,131,192
ForegroundActive=128,167,99
ForegroundInactive=199,198,194
ForegroundLink=84,133,192
ForegroundNegative=118,47,51
ForegroundNeutral=199,198,194
ForegroundNormal=238,236,231
ForegroundPositive=87,194,192
ForegroundVisited=191,131,192

[General]
ColorScheme=SpaceGray Eighties Purple
Name=SpaceGray Eighties Purple
shadeSortColumn=true

[KDE]
contrast=4

[WM]
activeBackground=56,56,56
activeBlend=56,56,56
activeForeground=238,236,231
inactiveBackground=28,28,28
inactiveBlend=28,28,28
inactiveForeground=199,198,194
