[ColorEffects:Disabled]
Color=56,56,56
ColorAmount=0
ColorEffect=0
ContrastAmount=0.65000000000000002
ContrastEffect=1
IntensityAmount=0.10000000000000001
IntensityEffect=2

[ColorEffects:Inactive]
ChangeSelectionColor=true
Color=112,111,110
ColorAmount=0.025000000000000001
ColorEffect=2
ContrastAmount=0.10000000000000001
ContrastEffect=2
Enable=false
IntensityAmount=0
IntensityEffect=0


[Colors:Button]
BackgroundAlternate=37,35,78
BackgroundNormal=37,35,78
DecorationFocus=240,140,195
DecorationHover=240,140,195
ForegroundActive=96,180,138
ForegroundInactive=112,144,128
ForegroundLink=85,85,255
ForegroundNegative=56,40,40
ForegroundNeutral=112,144,128
ForegroundNormal=112,144,128
ForegroundPositive=140,208,211
ForegroundVisited=240,140,195

[Colors:Selection]
BackgroundAlternate=240,140,195
BackgroundNormal=240,140,195
DecorationFocus=240,140,195
DecorationHover=240,140,195
ForegroundActive=96,180,138
ForegroundInactive=36,35,79
ForegroundLink=85,85,255
ForegroundNegative=56,40,40
ForegroundNeutral=112,144,128
ForegroundNormal=36,35,79
ForegroundPositive=140,208,211
ForegroundVisited=240,140,195

[Colors:Tooltip]
BackgroundAlternate=37,35,78
BackgroundNormal=37,35,78
DecorationFocus=240,140,195
DecorationHover=240,140,195
ForegroundActive=96,180,138
ForegroundInactive=112,144,128
ForegroundLink=85,85,255
ForegroundNegative=56,40,40
ForegroundNeutral=112,144,128
ForegroundNormal=112,144,128
ForegroundPositive=140,208,211
ForegroundVisited=240,140,195

[Colors:View]
BackgroundAlternate=37,48,42
BackgroundNormal=74,96,85
DecorationFocus=240,140,195
DecorationHover=240,140,195
ForegroundActive=96,180,138
ForegroundInactive=112,144,128
ForegroundLink=85,85,255
ForegroundNegative=56,40,40
ForegroundNeutral=112,144,128
ForegroundNormal=112,144,128
ForegroundPositive=140,208,211
ForegroundVisited=240,140,195

[Colors:Window]
BackgroundAlternate=37,48,42
BackgroundNormal=74,96,85
DecorationFocus=240,140,195
DecorationHover=240,140,195
ForegroundActive=96,180,138
ForegroundInactive=112,144,128
ForegroundLink=85,85,255
ForegroundNegative=56,40,40
ForegroundNeutral=112,144,128
ForegroundNormal=112,144,128
ForegroundPositive=140,208,211
ForegroundVisited=240,140,195

[General]
ColorScheme=Vaughn Purple
Name=Vaughn Purple
shadeSortColumn=true

[KDE]
contrast=4

[WM]
activeBackground=74,96,85
activeBlend=74,96,85
activeForeground=112,144,128
inactiveBackground=37,48,42
inactiveBlend=37,48,42
inactiveForeground=112,144,128
