[ColorEffects:Disabled]
Color=56,56,56
ColorAmount=0
ColorEffect=0
ContrastAmount=0.65000000000000002
ContrastEffect=1
IntensityAmount=0.10000000000000001
IntensityEffect=2

[ColorEffects:Inactive]
ChangeSelectionColor=true
Color=112,111,110
ColorAmount=0.025000000000000001
ColorEffect=2
ContrastAmount=0.10000000000000001
ContrastEffect=2
Enable=false
IntensityAmount=0
IntensityEffect=0


[Colors:Button]
BackgroundAlternate=40,44,52
BackgroundNormal=40,44,52
DecorationFocus=198,120,221
DecorationHover=198,120,221
ForegroundActive=152,195,121
ForegroundInactive=171,178,191
ForegroundLink=97,175,239
ForegroundNegative=190,80,70
ForegroundNeutral=171,178,191
ForegroundNormal=230,230,230
ForegroundPositive=86,182,194
ForegroundVisited=198,120,221

[Colors:Selection]
BackgroundAlternate=198,120,221
BackgroundNormal=198,120,221
DecorationFocus=198,120,221
DecorationHover=198,120,221
ForegroundActive=152,195,121
ForegroundInactive=63,68,81
ForegroundLink=97,175,239
ForegroundNegative=190,80,70
ForegroundNeutral=171,178,191
ForegroundNormal=63,68,81
ForegroundPositive=86,182,194
ForegroundVisited=198,120,221

[Colors:Tooltip]
BackgroundAlternate=40,44,52
BackgroundNormal=40,44,52
DecorationFocus=198,120,221
DecorationHover=198,120,221
ForegroundActive=152,195,121
ForegroundInactive=171,178,191
ForegroundLink=97,175,239
ForegroundNegative=190,80,70
ForegroundNeutral=171,178,191
ForegroundNormal=230,230,230
ForegroundPositive=86,182,194
ForegroundVisited=198,120,221

[Colors:View]
BackgroundAlternate=24,26,31
BackgroundNormal=33,37,43
DecorationFocus=198,120,221
DecorationHover=198,120,221
ForegroundActive=152,195,121
ForegroundInactive=171,178,191
ForegroundLink=97,175,239
ForegroundNegative=190,80,70
ForegroundNeutral=171,178,191
ForegroundNormal=230,230,230
ForegroundPositive=86,182,194
ForegroundVisited=198,120,221

[Colors:Window]
BackgroundAlternate=24,26,31
BackgroundNormal=33,37,43
DecorationFocus=198,120,221
DecorationHover=198,120,221
ForegroundActive=152,195,121
ForegroundInactive=171,178,191
ForegroundLink=97,175,239
ForegroundNegative=190,80,70
ForegroundNeutral=171,178,191
ForegroundNormal=230,230,230
ForegroundPositive=86,182,194
ForegroundVisited=198,120,221

[General]
ColorScheme=One Dark Purple
Name=One Dark Purple
shadeSortColumn=true

[KDE]
contrast=4

[WM]
activeBackground=33,37,43
activeBlend=33,37,43
activeForeground=230,230,230
inactiveBackground=24,26,31
inactiveBlend=24,26,31
inactiveForeground=171,178,191
