[ColorEffects:Disabled]
Color=56,56,56
ColorAmount=0
ColorEffect=0
ContrastAmount=0.65000000000000002
ContrastEffect=1
IntensityAmount=0.10000000000000001
IntensityEffect=2

[ColorEffects:Inactive]
ChangeSelectionColor=true
Color=112,111,110
ColorAmount=0.025000000000000001
ColorEffect=2
ContrastAmount=0.10000000000000001
ContrastEffect=2
Enable=false
IntensityAmount=0
IntensityEffect=0


[Colors:Button]
BackgroundAlternate=0,0,0
BackgroundNormal=0,0,0
DecorationFocus=250,114,252
DecorationHover=250,114,252
ForegroundActive=168,254,96
ForegroundInactive=209,208,209
ForegroundLink=150,202,253
ForegroundNegative=125,54,47
ForegroundNeutral=209,208,209
ForegroundNormal=238,237,238
ForegroundPositive=198,196,253
ForegroundVisited=250,114,252

[Colors:Selection]
BackgroundAlternate=250,114,252
BackgroundNormal=250,114,252
DecorationFocus=250,114,252
DecorationHover=250,114,252
ForegroundActive=168,254,96
ForegroundInactive=79,79,79
ForegroundLink=150,202,253
ForegroundNegative=125,54,47
ForegroundNeutral=209,208,209
ForegroundNormal=79,79,79
ForegroundPositive=198,196,253
ForegroundVisited=250,114,252

[Colors:Tooltip]
BackgroundAlternate=0,0,0
BackgroundNormal=0,0,0
DecorationFocus=250,114,252
DecorationHover=250,114,252
ForegroundActive=168,254,96
ForegroundInactive=209,208,209
ForegroundLink=150,202,253
ForegroundNegative=125,54,47
ForegroundNeutral=209,208,209
ForegroundNormal=238,237,238
ForegroundPositive=198,196,253
ForegroundVisited=250,114,252

[Colors:View]
BackgroundAlternate=41,41,41
BackgroundNormal=82,82,82
DecorationFocus=250,114,252
DecorationHover=250,114,252
ForegroundActive=168,254,96
ForegroundInactive=209,208,209
ForegroundLink=150,202,253
ForegroundNegative=125,54,47
ForegroundNeutral=209,208,209
ForegroundNormal=238,237,238
ForegroundPositive=198,196,253
ForegroundVisited=250,114,252

[Colors:Window]
BackgroundAlternate=41,41,41
BackgroundNormal=82,82,82
DecorationFocus=250,114,252
DecorationHover=250,114,252
ForegroundActive=168,254,96
ForegroundInactive=209,208,209
ForegroundLink=150,202,253
ForegroundNegative=125,54,47
ForegroundNeutral=209,208,209
ForegroundNormal=238,237,238
ForegroundPositive=198,196,253
ForegroundVisited=250,114,252

[General]
ColorScheme=IR_Black Purple
Name=IR_Black Purple
shadeSortColumn=true

[KDE]
contrast=4

[WM]
activeBackground=82,82,82
activeBlend=82,82,82
activeForeground=238,237,238
inactiveBackground=41,41,41
inactiveBlend=41,41,41
inactiveForeground=209,208,209
