[ColorEffects:Disabled]
Color=56,56,56
ColorAmount=0
ColorEffect=0
ContrastAmount=0.65000000000000002
ContrastEffect=1
IntensityAmount=0.10000000000000001
IntensityEffect=2

[ColorEffects:Inactive]
ChangeSelectionColor=true
Color=112,111,110
ColorAmount=0.025000000000000001
ColorEffect=2
ContrastAmount=0.10000000000000001
ContrastEffect=2
Enable=false
IntensityAmount=0
IntensityEffect=0


[Colors:Button]
BackgroundAlternate=43,43,43
BackgroundNormal=43,43,43
DecorationFocus=255,115,253
DecorationHover=255,115,253
ForegroundActive=167,255,96
ForegroundInactive=168,168,168
ForegroundLink=117,165,176
ForegroundNegative=102,87,74
ForegroundNeutral=168,168,168
ForegroundNormal=191,191,191
ForegroundPositive=89,100,126
ForegroundVisited=255,115,253

[Colors:Selection]
BackgroundAlternate=255,115,253
BackgroundNormal=255,115,253
DecorationFocus=255,115,253
DecorationHover=255,115,253
ForegroundActive=167,255,96
ForegroundInactive=0,0,0
ForegroundLink=117,165,176
ForegroundNegative=102,87,74
ForegroundNeutral=168,168,168
ForegroundNormal=0,0,0
ForegroundPositive=89,100,126
ForegroundVisited=255,115,253

[Colors:Tooltip]
BackgroundAlternate=43,43,43
BackgroundNormal=43,43,43
DecorationFocus=255,115,253
DecorationHover=255,115,253
ForegroundActive=167,255,96
ForegroundInactive=168,168,168
ForegroundLink=117,165,176
ForegroundNegative=102,87,74
ForegroundNeutral=168,168,168
ForegroundNormal=191,191,191
ForegroundPositive=89,100,126
ForegroundVisited=255,115,253

[Colors:View]
BackgroundAlternate=34,34,34
BackgroundNormal=68,68,68
DecorationFocus=255,115,253
DecorationHover=255,115,253
ForegroundActive=167,255,96
ForegroundInactive=168,168,168
ForegroundLink=117,165,176
ForegroundNegative=102,87,74
ForegroundNeutral=168,168,168
ForegroundNormal=191,191,191
ForegroundPositive=89,100,126
ForegroundVisited=255,115,253

[Colors:Window]
BackgroundAlternate=34,34,34
BackgroundNormal=68,68,68
DecorationFocus=255,115,253
DecorationHover=255,115,253
ForegroundActive=167,255,96
ForegroundInactive=168,168,168
ForegroundLink=117,165,176
ForegroundNegative=102,87,74
ForegroundNeutral=168,168,168
ForegroundNormal=191,191,191
ForegroundPositive=89,100,126
ForegroundVisited=255,115,253

[General]
ColorScheme=Rippedcasts Purple
Name=Rippedcasts Purple
shadeSortColumn=true

[KDE]
contrast=4

[WM]
activeBackground=68,68,68
activeBlend=68,68,68
activeForeground=191,191,191
inactiveBackground=34,34,34
inactiveBlend=34,34,34
inactiveForeground=168,168,168
