[ColorEffects:Disabled]
Color=56,56,56
ColorAmount=0
ColorEffect=0
ContrastAmount=0.65000000000000002
ContrastEffect=1
IntensityAmount=0.10000000000000001
IntensityEffect=2

[ColorEffects:Inactive]
ChangeSelectionColor=true
Color=112,111,110
ColorAmount=0.025000000000000001
ColorEffect=2
ContrastAmount=0.10000000000000001
ContrastEffect=2
Enable=false
IntensityAmount=0
IntensityEffect=0


[Colors:Button]
BackgroundAlternate=48,10,36
BackgroundNormal=48,10,36
DecorationFocus=117,80,123
DecorationHover=117,80,123
ForegroundActive=78,154,6
ForegroundInactive=179,183,176
ForegroundLink=52,101,164
ForegroundNegative=102,0,0
ForegroundNeutral=179,183,176
ForegroundNormal=211,215,207
ForegroundPositive=6,152,154
ForegroundVisited=117,80,123

[Colors:Selection]
BackgroundAlternate=117,80,123
BackgroundNormal=117,80,123
DecorationFocus=117,80,123
DecorationHover=117,80,123
ForegroundActive=78,154,6
ForegroundInactive=46,52,54
ForegroundLink=52,101,164
ForegroundNegative=102,0,0
ForegroundNeutral=179,183,176
ForegroundNormal=46,52,54
ForegroundPositive=6,152,154
ForegroundVisited=117,80,123

[Colors:Tooltip]
BackgroundAlternate=48,10,36
BackgroundNormal=48,10,36
DecorationFocus=117,80,123
DecorationHover=117,80,123
ForegroundActive=78,154,6
ForegroundInactive=179,183,176
ForegroundLink=52,101,164
ForegroundNegative=102,0,0
ForegroundNeutral=179,183,176
ForegroundNormal=211,215,207
ForegroundPositive=6,152,154
ForegroundVisited=117,80,123

[Colors:View]
BackgroundAlternate=28,29,27
BackgroundNormal=56,58,55
DecorationFocus=117,80,123
DecorationHover=117,80,123
ForegroundActive=78,154,6
ForegroundInactive=179,183,176
ForegroundLink=52,101,164
ForegroundNegative=102,0,0
ForegroundNeutral=179,183,176
ForegroundNormal=211,215,207
ForegroundPositive=6,152,154
ForegroundVisited=117,80,123

[Colors:Window]
BackgroundAlternate=28,29,27
BackgroundNormal=56,58,55
DecorationFocus=117,80,123
DecorationHover=117,80,123
ForegroundActive=78,154,6
ForegroundInactive=179,183,176
ForegroundLink=52,101,164
ForegroundNegative=102,0,0
ForegroundNeutral=179,183,176
ForegroundNormal=211,215,207
ForegroundPositive=6,152,154
ForegroundVisited=117,80,123

[General]
ColorScheme=Ubuntu Purple
Name=Ubuntu Purple
shadeSortColumn=true

[KDE]
contrast=4

[WM]
activeBackground=56,58,55
activeBlend=56,58,55
activeForeground=211,215,207
inactiveBackground=28,29,27
inactiveBlend=28,29,27
inactiveForeground=179,183,176
