[ColorEffects:Disabled]
Color=56,56,56
ColorAmount=0
ColorEffect=0
ContrastAmount=0.65000000000000002
ContrastEffect=1
IntensityAmount=0.10000000000000001
IntensityEffect=2

[ColorEffects:Inactive]
ChangeSelectionColor=true
Color=112,111,110
ColorAmount=0.025000000000000001
ColorEffect=2
ContrastAmount=0.10000000000000001
ContrastEffect=2
Enable=false
IntensityAmount=0
IntensityEffect=0


[Colors:Button]
BackgroundAlternate=0,30,38
BackgroundNormal=0,30,38
DecorationFocus=198,27,110
DecorationHover=198,27,110
ForegroundActive=114,137,5
ForegroundInactive=192,192,176
ForegroundLink=32,117,199
ForegroundNegative=104,13,18
ForegroundNeutral=192,192,176
ForegroundNormal=233,226,203
ForegroundPositive=37,145,133
ForegroundVisited=198,27,110

[Colors:Selection]
BackgroundAlternate=198,27,110
BackgroundNormal=198,27,110
DecorationFocus=198,27,110
DecorationHover=198,27,110
ForegroundActive=114,137,5
ForegroundInactive=0,39,49
ForegroundLink=32,117,199
ForegroundNegative=104,13,18
ForegroundNeutral=192,192,176
ForegroundNormal=0,39,49
ForegroundPositive=37,145,133
ForegroundVisited=198,27,110

[Colors:Tooltip]
BackgroundAlternate=0,30,38
BackgroundNormal=0,30,38
DecorationFocus=198,27,110
DecorationHover=198,27,110
ForegroundActive=114,137,5
ForegroundInactive=192,192,176
ForegroundLink=32,117,199
ForegroundNegative=104,13,18
ForegroundNeutral=192,192,176
ForegroundNormal=233,226,203
ForegroundPositive=37,145,133
ForegroundVisited=198,27,110

[Colors:View]
BackgroundAlternate=23,30,32
BackgroundNormal=46,60,64
DecorationFocus=198,27,110
DecorationHover=198,27,110
ForegroundActive=114,137,5
ForegroundInactive=192,192,176
ForegroundLink=32,117,199
ForegroundNegative=104,13,18
ForegroundNeutral=192,192,176
ForegroundNormal=233,226,203
ForegroundPositive=37,145,133
ForegroundVisited=198,27,110

[Colors:Window]
BackgroundAlternate=23,30,32
BackgroundNormal=46,60,64
DecorationFocus=198,27,110
DecorationHover=198,27,110
ForegroundActive=114,137,5
ForegroundInactive=192,192,176
ForegroundLink=32,117,199
ForegroundNegative=104,13,18
ForegroundNeutral=192,192,176
ForegroundNormal=233,226,203
ForegroundPositive=37,145,133
ForegroundVisited=198,27,110

[General]
ColorScheme=Solarized Dark - Patched Purple
Name=Solarized Dark - Patched Purple
shadeSortColumn=true

[KDE]
contrast=4

[WM]
activeBackground=46,60,64
activeBlend=46,60,64
activeForeground=233,226,203
inactiveBackground=23,30,32
inactiveBlend=23,30,32
inactiveForeground=192,192,176
