[ColorEffects:Disabled]
Color=56,56,56
ColorAmount=0
ColorEffect=0
ContrastAmount=0.65000000000000002
ContrastEffect=1
IntensityAmount=0.10000000000000001
IntensityEffect=2

[ColorEffects:Inactive]
ChangeSelectionColor=true
Color=112,111,110
ColorAmount=0.025000000000000001
ColorEffect=2
ContrastAmount=0.10000000000000001
ContrastEffect=2
Enable=false
IntensityAmount=0
IntensityEffect=0


[Colors:Button]
BackgroundAlternate=28,11,40
BackgroundNormal=28,11,40
DecorationFocus=157,83,167
DecorationHover=157,83,167
ForegroundActive=91,176,178
ForegroundInactive=187,178,173
ForegroundLink=144,165,188
ForegroundNegative=76,17,54
ForegroundNeutral=187,178,173
ForegroundNormal=240,231,213
ForegroundPositive=126,130,204
ForegroundVisited=157,83,167

[Colors:Selection]
BackgroundAlternate=157,83,167
BackgroundNormal=157,83,167
DecorationFocus=157,83,167
DecorationHover=157,83,167
ForegroundActive=91,176,178
ForegroundInactive=10,75,97
ForegroundLink=144,165,188
ForegroundNegative=76,17,54
ForegroundNeutral=187,178,173
ForegroundNormal=10,75,97
ForegroundPositive=126,130,204
ForegroundVisited=157,83,167

[Colors:Tooltip]
BackgroundAlternate=28,11,40
BackgroundNormal=28,11,40
DecorationFocus=157,83,167
DecorationHover=157,83,167
ForegroundActive=91,176,178
ForegroundInactive=187,178,173
ForegroundLink=144,165,188
ForegroundNegative=76,17,54
ForegroundNeutral=187,178,173
ForegroundNormal=240,231,213
ForegroundPositive=126,130,204
ForegroundVisited=157,83,167

[Colors:View]
BackgroundAlternate=10,7,18
BackgroundNormal=20,14,36
DecorationFocus=157,83,167
DecorationHover=157,83,167
ForegroundActive=91,176,178
ForegroundInactive=187,178,173
ForegroundLink=144,165,188
ForegroundNegative=76,17,54
ForegroundNeutral=187,178,173
ForegroundNormal=240,231,213
ForegroundPositive=126,130,204
ForegroundVisited=157,83,167

[Colors:Window]
BackgroundAlternate=10,7,18
BackgroundNormal=20,14,36
DecorationFocus=157,83,167
DecorationHover=157,83,167
ForegroundActive=91,176,178
ForegroundInactive=187,178,173
ForegroundLink=144,165,188
ForegroundNegative=76,17,54
ForegroundNeutral=187,178,173
ForegroundNormal=240,231,213
ForegroundPositive=126,130,204
ForegroundVisited=157,83,167

[General]
ColorScheme=BlueBerryPie Purple
Name=BlueBerryPie Purple
shadeSortColumn=true

[KDE]
contrast=4

[WM]
activeBackground=20,14,36
activeBlend=20,14,36
activeForeground=240,231,213
inactiveBackground=10,7,18
inactiveBlend=10,7,18
inactiveForeground=187,178,173
