[ColorEffects:Disabled]
Color=56,56,56
ColorAmount=0
ColorEffect=0
ContrastAmount=0.65000000000000002
ContrastEffect=1
IntensityAmount=0.10000000000000001
IntensityEffect=2

[ColorEffects:Inactive]
ChangeSelectionColor=true
Color=112,111,110
ColorAmount=0.025000000000000001
ColorEffect=2
ContrastAmount=0.10000000000000001
ContrastEffect=2
Enable=false
IntensityAmount=0
IntensityEffect=0


[Colors:Button]
BackgroundAlternate=27,29,30
BackgroundNormal=27,29,30
DecorationFocus=140,84,254
DecorationHover=140,84,254
ForegroundActive=77,247,64
ForegroundInactive=173,173,169
ForegroundLink=38,86,214
ForegroundNegative=124,19,57
ForegroundNeutral=173,173,169
ForegroundNormal=204,204,198
ForegroundPositive=55,200,180
ForegroundVisited=140,84,254

[Colors:Selection]
BackgroundAlternate=140,84,254
BackgroundNormal=140,84,254
DecorationFocus=140,84,254
DecorationHover=140,84,254
ForegroundActive=77,247,64
ForegroundInactive=27,29,30
ForegroundLink=38,86,214
ForegroundNegative=124,19,57
ForegroundNeutral=173,173,169
ForegroundNormal=27,29,30
ForegroundPositive=55,200,180
ForegroundVisited=140,84,254

[Colors:Tooltip]
BackgroundAlternate=27,29,30
BackgroundNormal=27,29,30
DecorationFocus=140,84,254
DecorationHover=140,84,254
ForegroundActive=77,247,64
ForegroundInactive=173,173,169
ForegroundLink=38,86,214
ForegroundNegative=124,19,57
ForegroundNeutral=173,173,169
ForegroundNormal=204,204,198
ForegroundPositive=55,200,180
ForegroundVisited=140,84,254

[Colors:View]
BackgroundAlternate=26,27,28
BackgroundNormal=53,55,56
DecorationFocus=140,84,254
DecorationHover=140,84,254
ForegroundActive=77,247,64
ForegroundInactive=173,173,169
ForegroundLink=38,86,214
ForegroundNegative=124,19,57
ForegroundNeutral=173,173,169
ForegroundNormal=204,204,198
ForegroundPositive=55,200,180
ForegroundVisited=140,84,254

[Colors:Window]
BackgroundAlternate=26,27,28
BackgroundNormal=53,55,56
DecorationFocus=140,84,254
DecorationHover=140,84,254
ForegroundActive=77,247,64
ForegroundInactive=173,173,169
ForegroundLink=38,86,214
ForegroundNegative=124,19,57
ForegroundNeutral=173,173,169
ForegroundNormal=204,204,198
ForegroundPositive=55,200,180
ForegroundVisited=140,84,254

[General]
ColorScheme=Thayer Bright Purple
Name=Thayer Bright Purple
shadeSortColumn=true

[KDE]
contrast=4

[WM]
activeBackground=53,55,56
activeBlend=53,55,56
activeForeground=204,204,198
inactiveBackground=26,27,28
inactiveBlend=26,27,28
inactiveForeground=173,173,169
