[ColorEffects:Disabled]
Color=56,56,56
ColorAmount=0
ColorEffect=0
ContrastAmount=0.65000000000000002
ContrastEffect=1
IntensityAmount=0.10000000000000001
IntensityEffect=2

[ColorEffects:Inactive]
ChangeSelectionColor=true
Color=112,111,110
ColorAmount=0.025000000000000001
ColorEffect=2
ContrastAmount=0.10000000000000001
ContrastEffect=2
Enable=false
IntensityAmount=0
IntensityEffect=0


[Colors:Button]
BackgroundAlternate=254,255,255
BackgroundNormal=254,255,255
DecorationFocus=236,101,231
DecorationHover=236,101,231
ForegroundActive=80,208,72
ForegroundInactive=204,204,204
ForegroundLink=58,117,255
ForegroundNegative=114,36,21
ForegroundNeutral=204,204,204
ForegroundNormal=220,220,220
ForegroundPositive=78,209,221
ForegroundVisited=236,101,231

[Colors:Selection]
BackgroundAlternate=236,101,231
BackgroundNormal=236,101,231
DecorationFocus=236,101,231
DecorationHover=236,101,231
ForegroundActive=80,208,72
ForegroundInactive=0,0,0
ForegroundLink=58,117,255
ForegroundNegative=114,36,21
ForegroundNeutral=204,204,204
ForegroundNormal=0,0,0
ForegroundPositive=78,209,221
ForegroundVisited=236,101,231

[Colors:Tooltip]
BackgroundAlternate=254,255,255
BackgroundNormal=254,255,255
DecorationFocus=236,101,231
DecorationHover=236,101,231
ForegroundActive=80,208,72
ForegroundInactive=204,204,204
ForegroundLink=58,117,255
ForegroundNegative=114,36,21
ForegroundNeutral=204,204,204
ForegroundNormal=220,220,220
ForegroundPositive=78,209,221
ForegroundVisited=236,101,231

[Colors:View]
BackgroundAlternate=53,53,53
BackgroundNormal=106,106,106
DecorationFocus=236,101,231
DecorationHover=236,101,231
ForegroundActive=80,208,72
ForegroundInactive=204,204,204
ForegroundLink=58,117,255
ForegroundNegative=114,36,21
ForegroundNeutral=204,204,204
ForegroundNormal=220,220,220
ForegroundPositive=78,209,221
ForegroundVisited=236,101,231

[Colors:Window]
BackgroundAlternate=53,53,53
BackgroundNormal=106,106,106
DecorationFocus=236,101,231
DecorationHover=236,101,231
ForegroundActive=80,208,72
ForegroundInactive=204,204,204
ForegroundLink=58,117,255
ForegroundNegative=114,36,21
ForegroundNeutral=204,204,204
ForegroundNormal=220,220,220
ForegroundPositive=78,209,221
ForegroundVisited=236,101,231

[General]
ColorScheme=Pro Light Purple
Name=Pro Light Purple
shadeSortColumn=true

[KDE]
contrast=4

[WM]
activeBackground=106,106,106
activeBlend=106,106,106
activeForeground=220,220,220
inactiveBackground=53,53,53
inactiveBlend=53,53,53
inactiveForeground=204,204,204
