[ColorEffects:Disabled]
Color=56,56,56
ColorAmount=0
ColorEffect=0
ContrastAmount=0.65000000000000002
ContrastEffect=1
IntensityAmount=0.10000000000000001
IntensityEffect=2

[ColorEffects:Inactive]
ChangeSelectionColor=true
Color=112,111,110
ColorAmount=0.025000000000000001
ColorEffect=2
ContrastAmount=0.10000000000000001
ContrastEffect=2
Enable=false
IntensityAmount=0
IntensityEffect=0


[Colors:Button]
BackgroundAlternate=255,254,254
BackgroundNormal=255,254,254
DecorationFocus=193,126,203
DecorationHover=193,126,203
ForegroundActive=89,213,0
ForegroundInactive=208,212,203
ForegroundLink=0,161,255
ForegroundNegative=127,0,0
ForegroundNeutral=208,212,203
ForegroundNormal=230,234,225
ForegroundPositive=0,208,214
ForegroundVisited=193,126,203

[Colors:Selection]
BackgroundAlternate=193,126,203
BackgroundNormal=193,126,203
DecorationFocus=193,126,203
DecorationHover=193,126,203
ForegroundActive=89,213,0
ForegroundInactive=0,0,0
ForegroundLink=0,161,255
ForegroundNegative=127,0,0
ForegroundNeutral=208,212,203
ForegroundNormal=0,0,0
ForegroundPositive=0,208,214
ForegroundVisited=193,126,203

[Colors:Tooltip]
BackgroundAlternate=255,254,254
BackgroundNormal=255,254,254
DecorationFocus=193,126,203
DecorationHover=193,126,203
ForegroundActive=89,213,0
ForegroundInactive=208,212,203
ForegroundLink=0,161,255
ForegroundNegative=127,0,0
ForegroundNeutral=208,212,203
ForegroundNormal=230,234,225
ForegroundPositive=0,208,214
ForegroundVisited=193,126,203

[Colors:View]
BackgroundAlternate=47,48,46
BackgroundNormal=94,97,92
DecorationFocus=193,126,203
DecorationHover=193,126,203
ForegroundActive=89,213,0
ForegroundInactive=208,212,203
ForegroundLink=0,161,255
ForegroundNegative=127,0,0
ForegroundNeutral=208,212,203
ForegroundNormal=230,234,225
ForegroundPositive=0,208,214
ForegroundVisited=193,126,203

[Colors:Window]
BackgroundAlternate=47,48,46
BackgroundNormal=94,97,92
DecorationFocus=193,126,203
DecorationHover=193,126,203
ForegroundActive=89,213,0
ForegroundInactive=208,212,203
ForegroundLink=0,161,255
ForegroundNegative=127,0,0
ForegroundNeutral=208,212,203
ForegroundNormal=230,234,225
ForegroundPositive=0,208,214
ForegroundVisited=193,126,203

[General]
ColorScheme=Tango Adapted Purple
Name=Tango Adapted Purple
shadeSortColumn=true

[KDE]
contrast=4

[WM]
activeBackground=94,97,92
activeBlend=94,97,92
activeForeground=230,234,225
inactiveBackground=47,48,46
inactiveBlend=47,48,46
inactiveForeground=208,212,203
