[ColorEffects:Disabled]
Color=56,56,56
ColorAmount=0
ColorEffect=0
ContrastAmount=0.65000000000000002
ContrastEffect=1
IntensityAmount=0.10000000000000001
IntensityEffect=2

[ColorEffects:Inactive]
ChangeSelectionColor=true
Color=112,111,110
ColorAmount=0.025000000000000001
ColorEffect=2
ContrastAmount=0.10000000000000001
ContrastEffect=2
Enable=false
IntensityAmount=0
IntensityEffect=0


[Colors:Button]
BackgroundAlternate=50,50,50
BackgroundNormal=50,50,50
DecorationFocus=245,127,255
DecorationHover=245,127,255
ForegroundActive=127,225,115
ForegroundInactive=199,199,197
ForegroundLink=64,152,255
ForegroundNegative=105,41,41
ForegroundNeutral=199,199,197
ForegroundNormal=238,238,236
ForegroundPositive=190,214,255
ForegroundVisited=245,127,255

[Colors:Selection]
BackgroundAlternate=245,127,255
BackgroundNormal=245,127,255
DecorationFocus=245,127,255
DecorationHover=245,127,255
ForegroundActive=127,225,115
ForegroundInactive=50,50,50
ForegroundLink=64,152,255
ForegroundNegative=105,41,41
ForegroundNeutral=199,199,197
ForegroundNormal=50,50,50
ForegroundPositive=190,214,255
ForegroundVisited=245,127,255

[Colors:Tooltip]
BackgroundAlternate=50,50,50
BackgroundNormal=50,50,50
DecorationFocus=245,127,255
DecorationHover=245,127,255
ForegroundActive=127,225,115
ForegroundInactive=199,199,197
ForegroundLink=64,152,255
ForegroundNegative=105,41,41
ForegroundNeutral=199,199,197
ForegroundNormal=238,238,236
ForegroundPositive=190,214,255
ForegroundVisited=245,127,255

[Colors:View]
BackgroundAlternate=27,27,27
BackgroundNormal=55,55,55
DecorationFocus=245,127,255
DecorationHover=245,127,255
ForegroundActive=127,225,115
ForegroundInactive=199,199,197
ForegroundLink=64,152,255
ForegroundNegative=105,41,41
ForegroundNeutral=199,199,197
ForegroundNormal=238,238,236
ForegroundPositive=190,214,255
ForegroundVisited=245,127,255

[Colors:Window]
BackgroundAlternate=27,27,27
BackgroundNormal=55,55,55
DecorationFocus=245,127,255
DecorationHover=245,127,255
ForegroundActive=127,225,115
ForegroundInactive=199,199,197
ForegroundLink=64,152,255
ForegroundNegative=105,41,41
ForegroundNeutral=199,199,197
ForegroundNormal=238,238,236
ForegroundPositive=190,214,255
ForegroundVisited=245,127,255

[General]
ColorScheme=idleToes Purple
Name=idleToes Purple
shadeSortColumn=true

[KDE]
contrast=4

[WM]
activeBackground=55,55,55
activeBlend=55,55,55
activeForeground=238,238,236
inactiveBackground=27,27,27
inactiveBlend=27,27,27
inactiveForeground=199,199,197
