[ColorEffects:Disabled]
Color=56,56,56
ColorAmount=0
ColorEffect=0
ContrastAmount=0.65000000000000002
ContrastEffect=1
IntensityAmount=0.10000000000000001
IntensityEffect=2

[ColorEffects:Inactive]
ChangeSelectionColor=true
Color=112,111,110
ColorAmount=0.025000000000000001
ColorEffect=2
ContrastAmount=0.10000000000000001
ContrastEffect=2
Enable=false
IntensityAmount=0
IntensityEffect=0


[Colors:Button]
BackgroundAlternate=30,28,49
BackgroundNormal=30,28,49
DecorationFocus=144,108,255
DecorationHover=144,108,255
ForegroundActive=98,209,150
ForegroundInactive=146,155,182
ForegroundLink=101,178,255
ForegroundNegative=127,42,44
ForegroundNeutral=146,155,182
ForegroundNormal=166,179,204
ForegroundPositive=99,242,241
ForegroundVisited=144,108,255

[Colors:Selection]
BackgroundAlternate=144,108,255
BackgroundNormal=144,108,255
DecorationFocus=144,108,255
DecorationHover=144,108,255
ForegroundActive=98,209,150
ForegroundInactive=20,17,39
ForegroundLink=101,178,255
ForegroundNegative=127,42,44
ForegroundNeutral=146,155,182
ForegroundNormal=20,17,39
ForegroundPositive=99,242,241
ForegroundVisited=144,108,255

[Colors:Tooltip]
BackgroundAlternate=30,28,49
BackgroundNormal=30,28,49
DecorationFocus=144,108,255
DecorationHover=144,108,255
ForegroundActive=98,209,150
ForegroundInactive=146,155,182
ForegroundLink=101,178,255
ForegroundNegative=127,42,44
ForegroundNeutral=146,155,182
ForegroundNormal=166,179,204
ForegroundPositive=99,242,241
ForegroundVisited=144,108,255

[Colors:View]
BackgroundAlternate=28,28,39
BackgroundNormal=57,56,78
DecorationFocus=144,108,255
DecorationHover=144,108,255
ForegroundActive=98,209,150
ForegroundInactive=146,155,182
ForegroundLink=101,178,255
ForegroundNegative=127,42,44
ForegroundNeutral=146,155,182
ForegroundNormal=166,179,204
ForegroundPositive=99,242,241
ForegroundVisited=144,108,255

[Colors:Window]
BackgroundAlternate=28,28,39
BackgroundNormal=57,56,78
DecorationFocus=144,108,255
DecorationHover=144,108,255
ForegroundActive=98,209,150
ForegroundInactive=146,155,182
ForegroundLink=101,178,255
ForegroundNegative=127,42,44
ForegroundNeutral=146,155,182
ForegroundNormal=166,179,204
ForegroundPositive=99,242,241
ForegroundVisited=144,108,255

[General]
ColorScheme=ChallengerDeep Purple
Name=ChallengerDeep Purple
shadeSortColumn=true

[KDE]
contrast=4

[WM]
activeBackground=57,56,78
activeBlend=57,56,78
activeForeground=166,179,204
inactiveBackground=28,28,39
inactiveBlend=28,28,39
inactiveForeground=146,155,182
