[ColorEffects:Disabled]
Color=56,56,56
ColorAmount=0
ColorEffect=0
ContrastAmount=0.65000000000000002
ContrastEffect=1
IntensityAmount=0.10000000000000001
IntensityEffect=2

[ColorEffects:Inactive]
ChangeSelectionColor=true
Color=112,111,110
ColorAmount=0.025000000000000001
ColorEffect=2
ContrastAmount=0.10000000000000001
ContrastEffect=2
Enable=false
IntensityAmount=0
IntensityEffect=0


[Colors:Button]
BackgroundAlternate=5,21,25
BackgroundNormal=5,21,25
DecorationFocus=94,70,140
DecorationHover=94,70,140
ForegroundActive=146,211,162
ForegroundInactive=184,177,169
ForegroundLink=142,208,206
ForegroundNegative=124,64,71
ForegroundNeutral=184,177,169
ForegroundNormal=226,216,205
ForegroundPositive=49,101,140
ForegroundVisited=94,70,140

[Colors:Selection]
BackgroundAlternate=94,70,140
BackgroundNormal=94,70,140
DecorationFocus=94,70,140
DecorationHover=94,70,140
ForegroundActive=146,211,162
ForegroundInactive=51,51,51
ForegroundLink=142,208,206
ForegroundNegative=124,64,71
ForegroundNeutral=184,177,169
ForegroundNormal=51,51,51
ForegroundPositive=49,101,140
ForegroundVisited=94,70,140

[Colors:Tooltip]
BackgroundAlternate=5,21,25
BackgroundNormal=5,21,25
DecorationFocus=94,70,140
DecorationHover=94,70,140
ForegroundActive=146,211,162
ForegroundInactive=184,177,169
ForegroundLink=142,208,206
ForegroundNegative=124,64,71
ForegroundNeutral=184,177,169
ForegroundNormal=226,216,205
ForegroundPositive=49,101,140
ForegroundVisited=94,70,140

[Colors:View]
BackgroundAlternate=20,20,20
BackgroundNormal=40,40,40
DecorationFocus=94,70,140
DecorationHover=94,70,140
ForegroundActive=146,211,162
ForegroundInactive=184,177,169
ForegroundLink=142,208,206
ForegroundNegative=124,64,71
ForegroundNeutral=184,177,169
ForegroundNormal=226,216,205
ForegroundPositive=49,101,140
ForegroundVisited=94,70,140

[Colors:Window]
BackgroundAlternate=20,20,20
BackgroundNormal=40,40,40
DecorationFocus=94,70,140
DecorationHover=94,70,140
ForegroundActive=146,211,162
ForegroundInactive=184,177,169
ForegroundLink=142,208,206
ForegroundNegative=124,64,71
ForegroundNeutral=184,177,169
ForegroundNormal=226,216,205
ForegroundPositive=49,101,140
ForegroundVisited=94,70,140

[General]
ColorScheme=ForestBlue Purple
Name=ForestBlue Purple
shadeSortColumn=true

[KDE]
contrast=4

[WM]
activeBackground=40,40,40
activeBlend=40,40,40
activeForeground=226,216,205
inactiveBackground=20,20,20
inactiveBlend=20,20,20
inactiveForeground=184,177,169
