[ColorEffects:Disabled]
Color=56,56,56
ColorAmount=0
ColorEffect=0
ContrastAmount=0.65000000000000002
ContrastEffect=1
IntensityAmount=0.10000000000000001
IntensityEffect=2

[ColorEffects:Inactive]
ChangeSelectionColor=true
Color=112,111,110
ColorAmount=0.025000000000000001
ColorEffect=2
ContrastAmount=0.10000000000000001
ContrastEffect=2
Enable=false
IntensityAmount=0
IntensityEffect=0


[Colors:Button]
BackgroundAlternate=18,18,18
BackgroundNormal=18,18,18
DecorationFocus=225,192,250
DecorationHover=225,192,250
ForegroundActive=147,185,121
ForegroundInactive=213,213,213
ForegroundLink=151,190,220
ForegroundNegative=113,57,57
ForegroundNeutral=213,213,213
ForegroundNormal=222,222,222
ForegroundPositive=0,152,142
ForegroundVisited=225,192,250

[Colors:Selection]
BackgroundAlternate=225,192,250
BackgroundNormal=225,192,250
DecorationFocus=225,192,250
DecorationHover=225,192,250
ForegroundActive=147,185,121
ForegroundInactive=146,146,146
ForegroundLink=151,190,220
ForegroundNegative=113,57,57
ForegroundNeutral=213,213,213
ForegroundNormal=146,146,146
ForegroundPositive=0,152,142
ForegroundVisited=225,192,250

[Colors:Tooltip]
BackgroundAlternate=18,18,18
BackgroundNormal=18,18,18
DecorationFocus=225,192,250
DecorationHover=225,192,250
ForegroundActive=147,185,121
ForegroundInactive=213,213,213
ForegroundLink=151,190,220
ForegroundNegative=113,57,57
ForegroundNeutral=213,213,213
ForegroundNormal=222,222,222
ForegroundPositive=0,152,142
ForegroundVisited=225,192,250

[Colors:View]
BackgroundAlternate=63,63,63
BackgroundNormal=126,126,126
DecorationFocus=225,192,250
DecorationHover=225,192,250
ForegroundActive=147,185,121
ForegroundInactive=213,213,213
ForegroundLink=151,190,220
ForegroundNegative=113,57,57
ForegroundNeutral=213,213,213
ForegroundNormal=222,222,222
ForegroundPositive=0,152,142
ForegroundVisited=225,192,250

[Colors:Window]
BackgroundAlternate=63,63,63
BackgroundNormal=126,126,126
DecorationFocus=225,192,250
DecorationHover=225,192,250
ForegroundActive=147,185,121
ForegroundInactive=213,213,213
ForegroundLink=151,190,220
ForegroundNegative=113,57,57
ForegroundNeutral=213,213,213
ForegroundNormal=222,222,222
ForegroundPositive=0,152,142
ForegroundVisited=225,192,250

[General]
ColorScheme=Jellybeans Purple
Name=Jellybeans Purple
shadeSortColumn=true

[KDE]
contrast=4

[WM]
activeBackground=126,126,126
activeBlend=126,126,126
activeForeground=222,222,222
inactiveBackground=63,63,63
inactiveBlend=63,63,63
inactiveForeground=213,213,213
