[ColorEffects:Disabled]
Color=56,56,56
ColorAmount=0
ColorEffect=0
ContrastAmount=0.65000000000000002
ContrastEffect=1
IntensityAmount=0.10000000000000001
IntensityEffect=2

[ColorEffects:Inactive]
ChangeSelectionColor=true
Color=112,111,110
ColorAmount=0.025000000000000001
ColorEffect=2
ContrastAmount=0.10000000000000001
ContrastEffect=2
Enable=false
IntensityAmount=0
IntensityEffect=0


[Colors:Button]
BackgroundAlternate=0,0,0
BackgroundNormal=0,0,0
DecorationFocus=204,85,204
DecorationHover=204,85,204
ForegroundActive=85,204,85
ForegroundInactive=174,174,174
ForegroundLink=84,85,203
ForegroundNegative=102,42,42
ForegroundNeutral=174,174,174
ForegroundNormal=204,204,204
ForegroundPositive=122,202,202
ForegroundVisited=204,85,204

[Colors:Selection]
BackgroundAlternate=204,85,204
BackgroundNormal=204,85,204
DecorationFocus=204,85,204
DecorationHover=204,85,204
ForegroundActive=85,204,85
ForegroundInactive=0,0,0
ForegroundLink=84,85,203
ForegroundNegative=102,42,42
ForegroundNeutral=174,174,174
ForegroundNormal=0,0,0
ForegroundPositive=122,202,202
ForegroundVisited=204,85,204

[Colors:Tooltip]
BackgroundAlternate=0,0,0
BackgroundNormal=0,0,0
DecorationFocus=204,85,204
DecorationHover=204,85,204
ForegroundActive=85,204,85
ForegroundInactive=174,174,174
ForegroundLink=84,85,203
ForegroundNegative=102,42,42
ForegroundNeutral=174,174,174
ForegroundNormal=204,204,204
ForegroundPositive=122,202,202
ForegroundVisited=204,85,204

[Colors:View]
BackgroundAlternate=28,28,28
BackgroundNormal=56,56,56
DecorationFocus=204,85,204
DecorationHover=204,85,204
ForegroundActive=85,204,85
ForegroundInactive=174,174,174
ForegroundLink=84,85,203
ForegroundNegative=102,42,42
ForegroundNeutral=174,174,174
ForegroundNormal=204,204,204
ForegroundPositive=122,202,202
ForegroundVisited=204,85,204

[Colors:Window]
BackgroundAlternate=28,28,28
BackgroundNormal=56,56,56
DecorationFocus=204,85,204
DecorationHover=204,85,204
ForegroundActive=85,204,85
ForegroundInactive=174,174,174
ForegroundLink=84,85,203
ForegroundNegative=102,42,42
ForegroundNeutral=174,174,174
ForegroundNormal=204,204,204
ForegroundPositive=122,202,202
ForegroundVisited=204,85,204

[General]
ColorScheme=Wez Purple
Name=Wez Purple
shadeSortColumn=true

[KDE]
contrast=4

[WM]
activeBackground=56,56,56
activeBlend=56,56,56
activeForeground=204,204,204
inactiveBackground=28,28,28
inactiveBlend=28,28,28
inactiveForeground=174,174,174
